0 32
1 11
2 14
3 3
4 13
5 35
6 8
7 3
8 3
9 17
10 15
11 3
12 4
13 18
14 11
15 15
16 5
17 10
18 5
19 29
20 5
21 22
22 10
23 0
24 16
25 7
26 18
27 8
28 18
29 33
30 9
31 6
32 15
33 8
34 8
35 8
36 21
37 29
38 29
39 29
40 9
41 27
42 26
43 18
44 29
45 20
46 22
47 22
48 10
49 35
50 0
51 11
52 0
53 24
54 11
55 31
56 24
57 22
58 24
59 25
60 25
61 22
62 0
63 32
64 29
65 0
66 13
67 8
68 26
69 26
70 11
71 33
72 14
73 34
74 10
75 22
76 0
77 16
78 16
79 4
80 0
81 22
82 31
83 0
84 3
85 35
86 20
87 9
88 30
89 9
90 23
91 19
92 19
93 25
94 3
95 34
96 3
97 33
98 18
99 6
100 0
101 5
102 22
103 0
104 13
105 26
106 0
107 3
108 7
109 3
110 3
111 3
112 31
113 6
114 3
115 0
116 3
117 34
118 15
119 20
120 15
121 4
122 3
123 17
124 12
125 34
126 17
127 0
128 38
129 17
130 26
131 5
132 30
133 19
134 23
135 5
136 4
137 19
138 31
139 20
140 28
141 28
142 28
143 20
144 11
145 18
146 0
147 14
148 21
149 26
150 4
151 21
152 22
153 21
154 29
155 4
156 8
157 29
158 4
159 16
160 30
161 3
162 22
163 4
164 32
165 23
166 4
167 23
168 23
169 23
170 10
171 31
172 0
173 31
174 4
175 15
176 23
177 10
178 31
179 29
180 24
181 16
182 26
183 6
184 5
185 5
186 3
187 0
188 25
189 32
190 5
191 5
192 13
193 5
194 32
195 34
196 4
197 5
198 28
199 9
200 5
201 26
202 0
203 0
204 9
205 5
206 27
207 33
208 21
209 27
210 5
211 6
212 0
213 32
214 15
215 30
216 35
217 4
218 8
219 28
220 16
221 15
222 5
223 0
224 14
225 15
226 26
227 7
228 0
229 15
230 0
231 15
232 5
233 23
234 33
235 15
236 28
237 6
238 15
239 10
240 23
241 15
242 25
243 6
244 24
245 32
246 30
247 6
248 30
249 35
250 15
251 15
252 15
253 6
254 32
255 0
256 15
257 23
258 8
259 6
260 6
261 0
262 11
263 24
264 14
265 6
266 14
267 24
268 16
269 35
270 33
271 4
272 28
273 16
274 25
275 16
276 6
277 15
278 18
279 6
280 16
281 16
282 6
283 0
284 29
285 29
286 6
287 6
288 6
289 29
290 7
291 29
292 11
293 7
294 7
295 10
296 30
297 16
298 32
299 24
300 35
301 19
302 36
303 34
304 17
305 17
306 7
307 17
308 13
309 30
310 7
311 16
312 21
313 7
314 12
315 17
316 7
317 17
318 7
319 17
320 18
321 6
322 7
323 7
324 18
325 7
326 7
327 31
328 18
329 18
330 27
331 12
332 18
333 0
334 35
335 3
336 14
337 4
338 15
339 10
340 9
341 18
342 14
343 18
344 0
345 18
346 2
347 18
348 7
349 9
350 28
351 7
352 7
353 19
354 33
355 19
356 0
357 18
358 11
359 28
360 18
361 18
362 18
363 32
364 29
365 11
366 16
367 7
368 0
369 8
370 24
371 0
372 16
373 25
374 8
375 19
376 35
377 19
378 11
379 17
380 19
381 19
382 13
383 3
384 35
385 19
386 20
387 8
388 26
389 21
390 27
391 19
392 21
393 8
394 33
395 12
396 8
397 13
398 19
399 25
400 17
401 25
402 19
403 34
404 7
405 28
406 20
407 20
408 28
409 20
410 8
411 20
412 28
413 8
414 0
415 20
416 0
417 25
418 33
419 28
420 17
421 26
422 8
423 34
424 15
425 8
426 8
427 7
428 8
429 35
430 3
431 28
432 20
433 6
434 8
435 11
436 28
437 23
438 28
439 28
440 0
441 8
442 20
443 17
444 20
445 17
446 7
447 19
448 26
449 26
450 26
451 20
452 20
453 0
454 28
455 28
456 9
457 20
458 20
459 5
460 5
461 9
462 16
463 19
464 20
465 6
466 21
467 9
468 29
469 9
470 27
471 21
472 35
473 0
474 19
475 28
476 21
477 21
478 31
479 35
480 9
481 9
482 0
483 18
484 0
485 22
486 18
487 18
488 4
489 21
490 9
491 17
492 0
493 8
494 12
495 29
496 20
497 21
498 14
499 34
500 30
501 29
502 15
503 9
504 9
505 0
506 9
507 9
508 17
509 29
510 6
511 0
512 29
513 25
514 0
515 9
516 0
517 0
518 10
519 22
520 7
521 26
522 0
523 10
524 9
525 22
526 8
527 32
528 5
529 22
530 10
531 29
532 29
533 22
534 10
535 8
536 10
537 34
538 31
539 10
540 0
541 35
542 15
543 10
544 8
545 3
546 24
547 30
548 30
549 13
550 23
551 17
552 16
553 8
554 0
555 30
556 10
557 14
558 22
559 19
560 22
561 10
562 20
563 30
564 3
565 3
566 0
567 22
568 23
569 30
570 38
571 30
572 17
573 23
574 15
575 10
576 18
577 12
578 23
579 23
580 5
581 0
582 22
583 13
584 23
585 26
586 23
587 14
588 0
589 31
590 30
591 18
592 23
593 16
594 12
595 0
596 34
597 11
598 19
599 35
600 19
601 12
602 10
603 22
604 24
605 22
606 28
607 17
608 11
609 9
610 9
611 16
612 23
613 16
614 13
615 9
616 18
617 29
618 6
619 11
620 10
621 6
622 15
623 23
624 4
625 0
626 11
627 14
628 23
629 24
630 4
631 11
632 0
633 24
634 26
635 31
636 31
637 31
638 24
639 11
640 18
641 31
642 24
643 29
644 10
645 4
646 24
647 17
648 21
649 0
650 14
651 10
652 11
653 10
654 17
655 11
656 16
657 31
658 15
659 31
660 12
661 24
662 24
663 11
664 0
665 26
666 34
667 24
668 34
669 34
670 15
671 24
672 24
673 21
674 4
675 31
676 12
677 31
678 4
679 32
680 24
681 16
682 5
683 19
684 19
685 18
686 10
687 12
688 12
689 6
690 32
691 12
692 24
693 0
694 0
695 0
696 12
697 12
698 32
699 12
700 41
701 0
702 25
703 0
704 32
705 12
706 0
707 25
708 12
709 12
710 32
711 19
712 11
713 5
714 25
715 0
716 21
717 28
718 22
719 12
720 15
721 34
722 9
723 23
724 12
725 25
726 32
727 18
728 15
729 0
730 4
731 8
732 32
733 25
734 6
735 13
736 30
737 32
738 13
739 15
740 13
741 0
742 32
743 13
744 0
745 15
746 16
747 26
748 31
749 19
750 21
751 15
752 13
753 34
754 13
755 0
756 17
757 4
758 26
759 8
760 26
761 26
762 13
763 34
764 13
765 3
766 22
767 4
768 13
769 34
770 0
771 13
772 13
773 25
774 9
775 10
776 17
777 26
778 20
779 13
780 0
781 6
782 13
783 29
784 18
785 30
786 13
787 33
788 13
789 4
790 13
791 13
792 5
793 9
794 26
795 18
796 13
797 16
798 33
799 5
800 9
801 13
802 13
803 0
804 20
805 26
806 5
807 33
808 35
809 31
810 33
811 0
812 21
813 14
814 20
815 33
816 14
817 27
818 28
819 27
820 33
821 14
822 14
823 27
824 0
825 15
826 29
827 14
828 0
829 0
830 30
831 14
832 0
833 30
834 27
835 17
836 25
837 27
838 6
839 26
840 16
841 29
842 27
843 34
844 0
845 33
846 14
847 0
848 35
849 27
850 19
851 14
852 27
853 0
854 14
855 5
856 0
857 14
858 27
859 22
860 27
861 16
862 27
863 16
864 14
865 27
866 12
867 25
868 21
869 17
870 14
871 14
872 27
873 8
874 15
875 19
876 33
877 27
878 27
879 6
880 33
881 32
882 14
883 6
884 14
885 0
886 14
887 8
888 3
889 29
890 32
891 5
892 33
893 13
894 3
895 13
896 26
897 25
898 34
899 3
900 26
901 3
902 3
903 28
904 34
905 16
906 17
907 29
908 15
909 18
910 21
911 20
912 26
913 0
914 3
915 9
916 20
917 20
918 3
919 29
920 32
921 21
922 27
923 7
924 34
925 6
926 22
927 22
928 9
929 22
930 23
931 23
932 0
933 26
934 13
935 18
936 3
937 0
938 24
939 21
940 25
941 3
942 3
943 0
944 0
945 3
946 34
947 3
948 18
949 3
950 28
951 3
952 0
953 21
954 27
955 29
956 0
957 3
958 28
959 16
960 15
961 15
962 21
963 15
964 28
965 27
966 3
967 5
968 29
969 3
970 15
971 0
972 31
973 15
974 12
975 31
976 16
977 3
978 29
979 21
980 17
981 15
982 33
983 3
984 12
985 13
986 18
987 28
988 11
989 8
990 31
991 26
992 32
993 30
994 29
995 17
996 3
997 29
998 35
999 3
1000 8
1001 30
1002 4
1003 3
1004 0
1005 17
1006 17
1007 21
1008 17
1009 18
1010 3
1011 28
1012 18
1013 34
1014 3
1015 18
1016 3
1017 18
1018 23
1019 0
1020 3
1021 18
1022 18
1023 19
1024 0
1025 14
1026 19
1027 0
1028 35
1029 19
1030 0
1031 9
1032 28
1033 3
1034 28
1035 13
1036 28
1037 24
1038 3
1039 18
1040 20
1041 3
1042 20
1043 20
1044 20
1045 20
1046 10
1047 12
1048 20
1049 28
1050 0
1051 3
1052 6
1053 19
1054 13
1055 7
1056 3
1057 12
1058 32
1059 28
1060 25
1061 21
1062 29
1063 34
1064 8
1065 29
1066 18
1067 29
1068 9
1069 21
1070 29
1071 35
1072 3
1073 16
1074 3
1075 21
1076 3
1077 3
1078 32
1079 8
1080 24
1081 21
1082 9
1083 29
1084 22
1085 33
1086 3
1087 22
1088 3
1089 10
1090 21
1091 34
1092 26
1093 23
1094 33
1095 28
1096 14
1097 3
1098 8
1099 3
1100 10
1101 3
1102 0
1103 22
1104 3
1105 18
1106 30
1107 14
1108 16
1109 22
1110 0
1111 3
1112 7
1113 3
1114 24
1115 23
1116 14
1117 23
1118 3
1119 26
1120 0
1121 30
1122 3
1123 30
1124 27
1125 16
1126 13
1127 13
1128 4
1129 23
1130 3
1131 24
1132 17
1133 23
1134 16
1135 15
1136 7
1137 3
1138 0
1139 17
1140 22
1141 24
1142 31
1143 34
1144 29
1145 14
1146 26
1147 24
1148 24
1149 26
1150 5
1151 3
1152 0
1153 3
1154 34
1155 7
1156 29
1157 3
1158 3
1159 24
1160 24
1161 19
1162 5
1163 0
1164 3
1165 20
1166 0
1167 24
1168 31
1169 32
1170 3
1171 25
1172 32
1173 25
1174 25
1175 32
1176 13
1177 32
1178 29
1179 3
1180 33
1181 34
1182 3
1183 3
1184 3
1185 11
1186 25
1187 30
1188 8
1189 25
1190 34
1191 3
1192 32
1193 3
1194 3
1195 19
1196 26
1197 34
1198 11
1199 31
1200 4
1201 0
1202 28
1203 11
1204 3
1205 26
1206 34
1207 31
1208 26
1209 26
1210 26
1211 34
1212 14
1213 16
1214 25
1215 26
1216 26
1217 18
1218 0
1219 27
1220 3
1221 31
1222 40
1223 35
1224 3
1225 26
1226 19
1227 3
1228 7
1229 3
1230 20
1231 23
1232 33
1233 27
1234 27
1235 31
1236 27
1237 0
1238 3
1239 20
1240 35
1241 30
1242 33
1243 10
1244 0
1245 3
1246 33
1247 20
1248 28
1249 4
1250 6
1251 3
1252 33
1253 27
1254 3
1255 27
1256 25
1257 10
1258 18
1259 3
1260 3
1261 21
1262 3
1263 14
1264 14
1265 33
1266 34
1267 14
1268 27
1269 15
1270 27
1271 15
1272 3
1273 15
1274 15
1275 3
1276 0
1277 15
1278 31
1279 10
1280 15
1281 3
1282 0
1283 24
1284 24
1285 15
1286 3
1287 17
1288 11
1289 21
1290 42
1291 3
1292 3
1293 0
1294 15
1295 0
1296 34
1297 28
1298 3
1299 28
1300 15
1301 15
1302 29
1303 21
1304 5
1305 0
1306 6
1307 29
1308 9
1309 15
1310 15
1311 4
1312 12
1313 15
1314 0
1315 3
1316 15
1317 3
1318 29
1319 0
1320 30
1321 11
1322 8
1323 16
1324 15
1325 25
1326 3
1327 30
1328 3
1329 30
1330 21
1331 8
1332 15
1333 18
1334 37
1335 28
1336 23
1337 30
1338 15
1339 27
1340 3
1341 0
1342 3
1343 19
1344 8
1345 5
1346 25
1347 15
1348 3
1349 26
1350 28
1351 3
1352 16
1353 3
1354 16
1355 3
1356 16
1357 14
1358 3
1359 5
1360 3
1361 20
1362 32
1363 16
1364 8
1365 33
1366 29
1367 32
1368 16
1369 28
1370 3
1371 16
1372 3
1373 3
1374 16
1375 34
1376 16
1377 3
1378 0
1379 13
1380 33
1381 3
1382 22
1383 3
1384 16
1385 7
1386 16
1387 14
1388 13
1389 16
1390 3
1391 3
1392 16
1393 4
1394 0
1395 16
1396 18
1397 4
1398 3
1399 21
1400 0
1401 30
1402 28
1403 34
1404 16
1405 23
1406 16
1407 28
1408 3
1409 18
1410 3
1411 0
1412 22
1413 10
1414 9
1415 3
1416 34
1417 16
1418 0
1419 15
1420 16
1421 10
1422 17
1423 3
1424 3
1425 3
1426 0
1427 31
1428 0
1429 17
1430 29
1431 17
1432 3
1433 3
1434 3
1435 29
1436 3
1437 3
1438 16
1439 29
1440 3
1441 0
1442 28
1443 26
1444 7
1445 29
1446 17
1447 29
1448 25
1449 28
1450 3
1451 0
1452 19
1453 17
1454 17
1455 0
1456 7
1457 32
1458 0
1459 18
1460 21
1461 11
1462 0
1463 30
1464 32
1465 0
1466 26
1467 3
1468 30
1469 30
1470 3
1471 30
1472 0
1473 10
1474 21
1475 3
1476 17
1477 16
1478 20
1479 3
1480 28
1481 22
1482 17
1483 10
1484 17
1485 17
1486 3
1487 0
1488 29
1489 34
1490 12
1491 17
1492 15
1493 4
1494 30
1495 12
1496 17
1497 17
1498 22
1499 17
1500 35
1501 28
1502 23
1503 0
1504 0
1505 27
1506 0
1507 29
1508 28
1509 12
1510 19
1511 34
1512 18
1513 18
1514 18
1515 18
1516 4
1517 18
1518 13
1519 25
1520 34
1521 18
1522 4
1523 30
1524 34
1525 0
1526 31
1527 31
1528 18
1529 17
1530 10
1531 35
1532 4
1533 29
1534 8
1535 4
1536 24
1537 6
1538 18
1539 4
1540 18
1541 4
1542 4
1543 4
1544 18
1545 30
1546 32
1547 10
1548 4
1549 32
1550 4
1551 35
1552 29
1553 18
1554 20
1555 6
1556 0
1557 4
1558 32
1559 6
1560 29
1561 18
1562 33
1563 18
1564 25
1565 18
1566 34
1567 18
1568 32
1569 11
1570 18
1571 4
1572 31
1573 26
1574 34
1575 32
1576 16
1577 4
1578 4
1579 18
1580 23
1581 18
1582 33
1583 21
1584 18
1585 7
1586 18
1587 31
1588 0
1589 4
1590 34
1591 19
1592 20
1593 19
1594 4
1595 25
1596 19
1597 19
1598 0
1599 3
1600 33
1601 19
1602 19
1603 33
1604 4
1605 17
1606 8
1607 19
1608 22
1609 28
1610 25
1611 20
1612 26
1613 4
1614 4
1615 7
1616 19
1617 34
1618 4
1619 29
1620 24
1621 33
1622 4
1623 0
1624 19
1625 4
1626 12
1627 28
1628 15
1629 4
1630 35
1631 7
1632 14
1633 19
1634 16
1635 0
1636 4
1637 19
1638 4
1639 9
1640 0
1641 4
1642 33
1643 33
1644 33
1645 26
1646 13
1647 4
1648 19
1649 33
1650 20
1651 18
1652 42
1653 0
1654 13
1655 28
1656 9
1657 28
1658 28
1659 28
1660 19
1661 4
1662 28
1663 4
1664 35
1665 4
1666 12
1667 16
1668 28
1669 0
1670 26
1671 23
1672 34
1673 28
1674 27
1675 4
1676 28
1677 0
1678 20
1679 20
1680 4
1681 24
1682 28
1683 25
1684 4
1685 7
1686 15
1687 18
1688 30
1689 24
1690 20
1691 33
1692 4
1693 4
1694 4
1695 26
1696 0
1697 34
1698 17
1699 8
1700 28
1701 0
1702 0
1703 0
1704 20
1705 29
1706 0
1707 4
1708 4
1709 31
1710 16
1711 21
1712 26
1713 29
1714 28
1715 4
1716 20
1717 28
1718 6
1719 4
1720 15
1721 28
1722 26
1723 20
1724 4
1725 20
1726 40
1727 17
1728 4
1729 33
1730 20
1731 20
1732 17
1733 20
1734 4
1735 28
1736 4
1737 4
1738 4
1739 28
1740 20
1741 27
1742 28
1743 4
1744 0
1745 20
1746 20
1747 20
1748 20
1749 16
1750 4
1751 5
1752 20
1753 20
1754 25
1755 20
1756 21
1757 20
1758 20
1759 4
1760 17
1761 28
1762 25
1763 14
1764 4
1765 28
1766 7
1767 20
1768 20
1769 34
1770 18
1771 11
1772 11
1773 28
1774 25
1775 4
1776 34
1777 24
1778 20
1779 13
1780 29
1781 34
1782 29
1783 4
1784 28
1785 21
1786 15
1787 25
1788 21
1789 4
1790 21
1791 21
1792 34
1793 4
1794 23
1795 21
1796 29
1797 20
1798 21
1799 10
1800 21
1801 29
1802 13
1803 22
1804 21
1805 21
1806 21
1807 27
1808 29
1809 4
1810 35
1811 19
1812 4
1813 21
1814 4
1815 0
1816 0
1817 16
1818 4
1819 4
1820 4
1821 21
1822 16
1823 21
1824 29
1825 21
1826 29
1827 27
1828 4
1829 4
1830 27
1831 4
1832 0
1833 23
1834 24
1835 29
1836 28
1837 23
1838 4
1839 12
1840 0
1841 21
1842 15
1843 4
1844 21
1845 8
1846 4
1847 13
1848 22
1849 33
1850 11
1851 33
1852 21
1853 0
1854 4
1855 29
1856 8
1857 34
1858 19
1859 5
1860 30
1861 17
1862 20
1863 9
1864 0
1865 4
1866 3
1867 28
1868 0
1869 26
1870 4
1871 8
1872 28
1873 26
1874 4
1875 0
1876 21
1877 0
1878 14
1879 19
1880 19
1881 21
1882 29
1883 21
1884 15
1885 8
1886 4
1887 34
1888 29
1889 21
1890 4
1891 18
1892 30
1893 34
1894 22
1895 22
1896 4
1897 29
1898 22
1899 29
1900 34
1901 4
1902 22
1903 23
1904 4
1905 26
1906 29
1907 4
1908 4
1909 4
1910 17
1911 4
1912 0
1913 7
1914 7
1915 22
1916 29
1917 14
1918 6
1919 34
1920 0
1921 22
1922 4
1923 4
1924 23
1925 0
1926 17
1927 8
1928 7
1929 4
1930 0
1931 28
1932 23
1933 22
1934 22
1935 30
1936 22
1937 11
1938 22
1939 22
1940 27
1941 18
1942 4
1943 35
1944 4
1945 30
1946 22
1947 18
1948 30
1949 30
1950 4
1951 10
1952 22
1953 0
1954 4
1955 40
1956 4
1957 30
1958 4
1959 4
1960 11
1961 27
1962 30
1963 4
1964 4
1965 0
1966 6
1967 14
1968 4
1969 4
1970 0
1971 30
1972 22
1973 25
1974 4
1975 19
1976 22
1977 34
1978 31
1979 21
1980 33
1981 4
1982 22
1983 22
1984 32
1985 7
1986 32
1987 4
1988 4
1989 20
1990 30
1991 22
1992 4
1993 22
1994 4
1995 4
1996 28
1997 0
1998 30
1999 17
2000 22
2001 30
2002 4
2003 6
2004 4
2005 4
2006 30
2007 4
2008 22
2009 23
2010 4
2011 7
2012 21
2013 4
2014 23
2015 7
2016 42
2017 35
2018 4
2019 13
2020 23
2021 12
2022 17
2023 42
2024 4
2025 28
2026 4
2027 23
2028 21
2029 0
2030 23
2031 24
2032 23
2033 4
2034 0
2035 14
2036 15
2037 5
2038 0
2039 23
2040 23
2041 34
2042 23
2043 25
2044 4
2045 28
2046 4
2047 4
2048 7
2049 30
2050 0
2051 20
2052 23
2053 30
2054 4
2055 23
2056 4
2057 30
2058 0
2059 19
2060 20
2061 23
2062 4
2063 21
2064 4
2065 6
2066 4
2067 23
2068 23
2069 0
2070 33
2071 35
2072 30
2073 4
2074 0
2075 4
2076 18
2077 4
2078 4
2079 0
2080 28
2081 4
2082 23
2083 4
2084 25
2085 22
2086 31
2087 4
2088 31
2089 4
2090 4
2091 18
2092 2
2093 0
2094 23
2095 23
2096 24
2097 32
2098 19
2099 5
2100 9
2101 26
2102 4
2103 22
2104 0
2105 10
2106 33
2107 26
2108 4
2109 19
2110 0
2111 4
2112 31
2113 17
2114 12
2115 23
2116 5
2117 31
2118 15
2119 8
2120 30
2121 7
2122 24
2123 31
2124 4
2125 4
2126 4
2127 4
2128 4
2129 15
2130 4
2131 1
2132 4
2133 24
2134 8
2135 10
2136 4
2137 31
2138 31
2139 4
2140 24
2141 31
2142 4
2143 0
2144 34
2145 0
2146 4
2147 23
2148 24
2149 24
2150 12
2151 29
2152 5
2153 31
2154 31
2155 5
2156 5
2157 24
2158 29
2159 19
2160 0
2161 0
2162 5
2163 11
2164 23
2165 15
2166 24
2167 24
2168 10
2169 12
2170 24
2171 16
2172 12
2173 27
2174 13
2175 21
2176 5
2177 9
2178 7
2179 5
2180 16
2181 15
2182 24
2183 3
2184 0
2185 17
2186 31
2187 13
2188 19
2189 27
2190 0
2191 5
2192 27
2193 5
2194 15
2195 24
2196 24
2197 22
2198 34
2199 14
2200 22
2201 31
2202 14
2203 5
2204 7
2205 24
2206 5
2207 18
2208 20
2209 21
2210 30
2211 31
2212 0
2213 34
2214 5
2215 26
2216 24
2217 13
2218 24
2219 31
2220 29
2221 5
2222 21
2223 16
2224 5
2225 23
2226 24
2227 21
2228 24
2229 29
2230 30
2231 33
2232 5
2233 22
2234 31
2235 21
2236 31
2237 12
2238 5
2239 17
2240 5
2241 32
2242 24
2243 27
2244 7
2245 24
2246 32
2247 24
2248 31
2249 5
2250 24
2251 24
2252 5
2253 11
2254 5
2255 27
2256 34
2257 24
2258 23
2259 5
2260 6
2261 25
2262 32
2263 25
2264 5
2265 5
2266 25
2267 25
2268 15
2269 4
2270 35
2271 17
2272 5
2273 25
2274 25
2275 31
2276 35
2277 25
2278 32
2279 5
2280 32
2281 5
2282 25
2283 25
2284 14
2285 5
2286 19
2287 20
2288 8
2289 12
2290 9
2291 16
2292 25
2293 25
2294 23
2295 29
2296 18
2297 6
2298 20
2299 16
2300 25
2301 9
2302 27
2303 0
2304 6
2305 25
2306 17
2307 6
2308 14
2309 25
2310 0
2311 16
2312 5
2313 5
2314 12
2315 9
2316 25
2317 0
2318 32
2319 5
2320 25
2321 5
2322 5
2323 11
2324 32
2325 5
2326 5
2327 5
2328 25
2329 20
2330 5
2331 25
2332 25
2333 0
2334 0
2335 20
2336 29
2337 25
2338 34
2339 25
2340 18
2341 0
2342 0
2343 15
2344 13
2345 18
2346 19
2347 25
2348 16
2349 24
2350 32
2351 25
2352 8
2353 5
2354 18
2355 32
2356 14
2357 32
2358 33
2359 32
2360 23
2361 25
2362 10
2363 28
2364 33
2365 5
2366 25
2367 32
2368 27
2369 5
2370 12
2371 5
2372 25
2373 5
2374 5
2375 26
2376 8
2377 13
2378 20
2379 34
2380 4
2381 28
2382 11
2383 0
2384 32
2385 0
2386 32
2387 5
2388 31
2389 32
2390 26
2391 5
2392 26
2393 20
2394 26
2395 28
2396 22
2397 24
2398 32
2399 5
2400 5
2401 33
2402 5
2403 26
2404 5
2405 5
2406 26
2407 5
2408 5
2409 35
2410 5
2411 13
2412 29
2413 3
2414 31
2415 5
2416 19
2417 30
2418 26
2419 0
2420 32
2421 26
2422 30
2423 26
2424 34
2425 18
2426 19
2427 26
2428 26
2429 14
2430 32
2431 22
2432 26
2433 34
2434 26
2435 5
2436 0
2437 0
2438 0
2439 3
2440 34
2441 5
2442 26
2443 5
2444 6
2445 4
2446 22
2447 34
2448 0
2449 26
2450 5
2451 9
2452 31
2453 23
2454 0
2455 5
2456 32
2457 29
2458 15
2459 34
2460 5
2461 8
2462 23
2463 26
2464 5
2465 11
2466 26
2467 5
2468 5
2469 28
2470 26
2471 28
2472 33
2473 25
2474 25
2475 15
2476 5
2477 31
2478 5
2479 5
2480 26
2481 0
2482 6
2483 33
2484 12
2485 26
2486 33
2487 21
2488 35
2489 35
2490 26
2491 5
2492 33
2493 5
2494 4
2495 5
2496 5
2497 0
2498 5
2499 25
2500 14
2501 8
2502 33
2503 19
2504 19
2505 5
2506 10
2507 33
2508 26
2509 7
2510 10
2511 23
2512 5
2513 33
2514 28
2515 8
2516 5
2517 35
2518 0
2519 0
2520 25
2521 5
2522 5
2523 27
2524 26
2525 26
2526 33
2527 26
2528 35
2529 0
2530 8
2531 14
2532 0
2533 24
2534 27
2535 21
2536 22
2537 6
2538 27
2539 29
2540 27
2541 16
2542 9
2543 33
2544 5
2545 15
2546 33
2547 5
2548 5
2549 22
2550 24
2551 5
2552 5
2553 25
2554 19
2555 5
2556 28
2557 17
2558 27
2559 22
2560 16
2561 19
2562 33
2563 33
2564 33
2565 5
2566 33
2567 27
2568 27
2569 9
2570 9
2571 27
2572 5
2573 12
2574 8
2575 22
2576 21
2577 5
2578 34
2579 5
2580 33
2581 5
2582 0
2583 5
2584 33
2585 5
2586 10
2587 18
2588 35
2589 21
2590 27
2591 23
2592 26
2593 3
2594 15
2595 31
2596 5
2597 11
2598 11
2599 21
2600 27
2601 7
2602 27
2603 0
2604 27
2605 0
2606 27
2607 16
2608 23
2609 15
2610 27
2611 27
2612 5
2613 12
2614 5
2615 28
2616 20
2617 5
2618 14
2619 27
2620 27
2621 35
2622 40
2623 26
2624 27
2625 7
2626 5
2627 25
2628 27
2629 14
2630 25
2631 5
2632 20
2633 22
2634 33
2635 27
2636 5
2637 27
2638 27
2639 22
2640 17
2641 27
2642 0
2643 5
2644 5
2645 5
2646 27
2647 0
2648 33
2649 11
2650 31
2651 15
2652 5
2653 5
2654 20
2655 0
2656 30
2657 32
2658 33
2659 26
2660 11
2661 19
2662 5
2663 17
2664 0
2665 31
2666 8
2667 27
2668 5
2669 16
2670 33
2671 11
2672 5
2673 0
2674 9
2675 10
2676 21
2677 27
2678 5
2679 24
2680 21
2681 5
2682 30
2683 0
2684 34
2685 11
2686 15
2687 34
2688 15
2689 5
2690 19
2691 22
2692 8
2693 32
2694 31
2695 15
2696 24
2697 15
2698 5
2699 29
2700 16
2701 0
2702 8
2703 34
2704 32
2705 15
2706 29
2707 15
2708 30
2709 0
2710 0
2711 15
2712 28
2713 0
2714 5
2715 9
2716 15
2717 5
2718 5
2719 15
2720 5
2721 28
2722 0
2723 34
2724 29
2725 0
2726 15
2727 5
2728 30
2729 5
2730 0
2731 22
2732 31
2733 15
2734 15
2735 26
2736 15
2737 17
2738 24
2739 15
2740 19
2741 28
2742 0
2743 5
2744 5
2745 32
2746 5
2747 0
2748 15
2749 15
2750 15
2751 27
2752 18
2753 7
2754 13
2755 0
2756 10
2757 17
2758 0
2759 31
2760 14
2761 5
2762 27
2763 35
2764 8
2765 26
2766 15
2767 23
2768 16
2769 34
2770 18
2771 29
2772 30
2773 5
2774 30
2775 30
2776 5
2777 15
2778 5
2779 13
2780 11
2781 5
2782 30
2783 32
2784 15
2785 30
2786 5
2787 30
2788 31
2789 15
2790 29
2791 6
2792 0
2793 0
2794 31
2795 15
2796 15
2797 7
2798 0
2799 10
2800 13
2801 11
2802 25
2803 31
2804 9
2805 17
2806 5
2807 0
2808 16
2809 15
2810 15
2811 28
2812 15
2813 14
2814 7
2815 28
2816 35
2817 8
2818 34
2819 0
2820 0
2821 32
2822 0
2823 5
2824 32
2825 15
2826 0
2827 32
2828 22
2829 5
2830 32
2831 39
2832 15
2833 15
2834 5
2835 15
2836 21
2837 24
2838 5
2839 5
2840 14
2841 32
2842 15
2843 35
2844 0
2845 32
2846 15
2847 18
2848 5
2849 32
2850 4
2851 7
2852 0
2853 5
2854 20
2855 26
2856 23
2857 15
2858 0
2859 5
2860 7
2861 31
2862 29
2863 5
2864 15
2865 20
2866 5
2867 5
2868 31
2869 19
2870 29
2871 25
2872 18
2873 15
2874 15
2875 18
2876 5
2877 7
2878 28
2879 28
2880 5
2881 28
2882 24
2883 0
2884 15
2885 10
2886 28
2887 15
2888 6
2889 25
2890 15
2891 9
2892 24
2893 15
2894 8
2895 15
2896 5
2897 15
2898 5
2899 15
2900 0
2901 23
2902 31
2903 6
2904 15
2905 11
2906 23
2907 13
2908 0
2909 8
2910 15
2911 28
2912 5
2913 32
2914 24
2915 23
2916 11
2917 15
2918 21
2919 6
2920 6
2921 6
2922 28
2923 15
2924 6
2925 28
2926 6
2927 16
2928 4
2929 29
2930 32
2931 27
2932 15
2933 15
2934 6
2935 6
2936 0
2937 12
2938 21
2939 29
2940 6
2941 34
2942 10
2943 23
2944 27
2945 7
2946 16
2947 15
2948 0
2949 35
2950 12
2951 6
2952 7
2953 0
2954 20
2955 15
2956 18
2957 34
2958 15
2959 9
2960 15
2961 24
2962 15
2963 6
2964 6
2965 10
2966 29
2967 6
2968 0
2969 6
2970 6
2971 15
2972 6
2973 28
2974 0
2975 34
2976 0
2977 14
2978 15
2979 34
2980 29
2981 31
2982 29
2983 26
2984 17
2985 14
2986 15
2987 6
2988 0
2989 31
2990 14
2991 15
2992 6
2993 6
2994 6
2995 15
2996 35
2997 15
2998 0
2999 10
3000 30
3001 30
3002 6
3003 6
3004 16
3005 6
3006 6
3007 33
3008 6
3009 4
3010 13
3011 14
3012 15
3013 34
3014 0
3015 23
3016 15
3017 7
3018 6
3019 21
3020 6
3021 6
3022 6
3023 6
3024 31
3025 33
3026 15
3027 6
3028 35
3029 15
3030 6
3031 14
3032 6
3033 15
3034 6
3035 6
3036 0
3037 34
3038 30
3039 18
3040 35
3041 30
3042 6
3043 10
3044 16
3045 17
3046 30
3047 6
3048 6
3049 6
3050 30
3051 15
3052 9
3053 16
3054 28
3055 15
3056 6
3057 6
3058 0
3059 6
3060 15
3061 3
3062 0
3063 31
3064 0
3065 19
3066 32
3067 6
3068 10
3069 6
3070 15
3071 15
3072 15
3073 30
3074 33
3075 6
3076 6
3077 15
3078 34
3079 31
3080 10
3081 31
3082 32
3083 9
3084 6
3085 35
3086 20
3087 0
3088 15
3089 15
3090 8
3091 6
3092 6
3093 6
3094 31
3095 6
3096 6
3097 15
3098 6
3099 0
3100 0
3101 4
3102 6
3103 24
3104 7
3105 31
3106 34
3107 0
3108 6
3109 15
3110 28
3111 15
3112 0
3113 24
3114 0
3115 24
3116 6
3117 31
3118 3
3119 27
3120 34
3121 24
3122 15
3123 31
3124 23
3125 6
3126 16
3127 16
3128 30
3129 6
3130 16
3131 11
3132 22
3133 6
3134 6
3135 14
3136 31
3137 6
3138 11
3139 22
3140 32
3141 35
3142 0
3143 16
3144 16
3145 28
3146 6
3147 16
3148 15
3149 32
3150 16
3151 7
3152 3
3153 13
3154 6
3155 32
3156 34
3157 16
3158 35
3159 16
3160 16
3161 20
3162 9
3163 6
3164 16
3165 12
3166 31
3167 22
3168 16
3169 24
3170 30
3171 8
3172 16
3173 16
3174 16
3175 6
3176 7
3177 21
3178 31
3179 32
3180 9
3181 0
3182 4
3183 16
3184 16
3185 32
3186 6
3187 6
3188 32
3189 0
3190 16
3191 32
3192 16
3193 19
3194 16
3195 3
3196 0
3197 15
3198 20
3199 6
3200 8
3201 34
3202 9
3203 14
3204 4
3205 0
3206 16
3207 16
3208 16
3209 6
3210 16
3211 16
3212 6
3213 5
3214 6
3215 32
3216 11
3217 15
3218 16
3219 5
3220 21
3221 16
3222 27
3223 13
3224 11
3225 0
3226 4
3227 5
3228 16
3229 16
3230 6
3231 16
3232 30
3233 30
3234 0
3235 18
3236 24
3237 6
3238 11
3239 20
3240 6
3241 12
3242 16
3243 13
3244 6
3245 6
3246 29
3247 6
3248 12
3249 6
3250 24
3251 16
3252 23
3253 6
3254 6
3255 7
3256 16
3257 33
3258 6
3259 16
3260 5
3261 0
3262 16
3263 19
3264 16
3265 6
3266 16
3267 16
3268 5
3269 6
3270 33
3271 6
3272 0
3273 10
3274 16
3275 16
3276 16
3277 10
3278 22
3279 5
3280 9
3281 0
3282 13
3283 33
3284 0
3285 28
3286 4
3287 16
3288 16
3289 22
3290 32
3291 34
3292 16
3293 33
3294 6
3295 26
3296 6
3297 11
3298 0
3299 19
3300 19
3301 0
3302 6
3303 16
3304 28
3305 28
3306 6
3307 0
3308 6
3309 3
3310 34
3311 35
3312 16
3313 35
3314 6
3315 16
3316 16
3317 25
3318 28
3319 9
3320 14
3321 16
3322 14
3323 30
3324 33
3325 31
3326 3
3327 19
3328 6
3329 3
3330 33
3331 12
3332 6
3333 16
3334 15
3335 36
3336 6
3337 16
3338 8
3339 5
3340 28
3341 0
3342 16
3343 6
3344 3
3345 30
3346 30
3347 16
3348 8
3349 6
3350 14
3351 21
3352 5
3353 16
3354 17
3355 35
3356 28
3357 6
3358 6
3359 19
3360 6
3361 20
3362 31
3363 0
3364 6
3365 16
3366 6
3367 30
3368 24
3369 0
3370 16
3371 32
3372 28
3373 16
3374 28
3375 0
3376 24
3377 28
3378 23
3379 16
3380 20
3381 28
3382 16
3383 16
3384 28
3385 33
3386 16
3387 6
3388 6
3389 28
3390 6
3391 16
3392 6
3393 6
3394 28
3395 28
3396 24
3397 15
3398 28
3399 16
3400 17
3401 16
3402 28
3403 16
3404 15
3405 16
3406 6
3407 18
3408 0
3409 16
3410 16
3411 6
3412 6
3413 4
3414 21
3415 0
3416 16
3417 7
3418 0
3419 5
3420 16
3421 11
3422 27
3423 6
3424 21
3425 16
3426 0
3427 6
3428 34
3429 37
3430 28
3431 16
3432 10
3433 16
3434 28
3435 17
3436 6
3437 16
3438 15
3439 15
3440 32
3441 7
3442 26
3443 13
3444 31
3445 35
3446 0
3447 23
3448 27
3449 35
3450 14
3451 5
3452 16
3453 6
3454 9
3455 4
3456 6
3457 6
3458 6
3459 6
3460 5
3461 12
3462 31
3463 6
3464 0
3465 28
3466 19
3467 16
3468 26
3469 5
3470 41
3471 16
3472 16
3473 35
3474 18
3475 17
3476 18
3477 19
3478 28
3479 17
3480 0
3481 9
3482 25
3483 34
3484 5
3485 16
3486 6
3487 6
3488 6
3489 10
3490 6
3491 9
3492 11
3493 16
3494 27
3495 21
3496 15
3497 27
3498 34
3499 28
3500 0
3501 19
3502 24
3503 34
3504 6
3505 28
3506 26
3507 16
3508 7
3509 6
3510 6
3511 29
3512 21
3513 34
3514 29
3515 9
3516 16
3517 12
3518 13
3519 20
3520 17
3521 17
3522 30
3523 6
3524 6
3525 16
3526 24
3527 25
3528 17
3529 17
3530 6
3531 24
3532 17
3533 6
3534 31
3535 29
3536 6
3537 6
3538 11
3539 8
3540 11
3541 29
3542 30
3543 18
3544 14
3545 6
3546 29
3547 17
3548 1
3549 17
3550 29
3551 13
3552 17
3553 1
3554 7
3555 17
3556 6
3557 1
3558 17
3559 6
3560 17
3561 6
3562 8
3563 10
3564 1
3565 15
3566 5
3567 6
3568 6
3569 17
3570 4
3571 16
3572 6
3573 10
3574 41
3575 17
3576 6
3577 8
3578 1
3579 6
3580 22
3581 35
3582 6
3583 17
3584 16
3585 6
3586 20
3587 22
3588 1
3589 29
3590 30
3591 6
3592 34
3593 15
3594 1
3595 7
3596 20
3597 1
3598 12
3599 17
3600 33
3601 1
3602 35
3603 8
3604 19
3605 29
3606 6
3607 17
3608 8
3609 26
3610 1
3611 19
3612 29
3613 6
3614 15
3615 20
3616 34
3617 7
3618 13
3619 17
3620 16
3621 17
3622 17
3623 7
3624 21
3625 1
3626 24
3627 23
3628 17
3629 8
3630 7
3631 17
3632 29
3633 17
3634 30
3635 17
3636 17
3637 25
3638 17
3639 5
3640 5
3641 17
3642 22
3643 16
3644 7
3645 34
3646 18
3647 29
3648 1
3649 7
3650 34
3651 29
3652 29
3653 1
3654 17
3655 3
3656 20
3657 17
3658 7
3659 29
3660 27
3661 32
3662 1
3663 29
3664 29
3665 18
3666 17
3667 11
3668 11
3669 1
3670 17
3671 17
3672 1
3673 29
3674 17
3675 27
3676 25
3677 7
3678 19
3679 17
3680 29
3681 7
3682 23
3683 7
3684 7
3685 26
3686 17
3687 29
3688 21
3689 7
3690 17
3691 7
3692 7
3693 7
3694 27
3695 16
3696 7
3697 17
3698 29
3699 22
3700 29
3701 1
3702 7
3703 17
3704 7
3705 7
3706 23
3707 17
3708 25
3709 17
3710 29
3711 27
3712 17
3713 19
3714 7
3715 17
3716 10
3717 28
3718 24
3719 17
3720 25
3721 34
3722 29
3723 7
3724 7
3725 17
3726 24
3727 27
3728 21
3729 21
3730 27
3731 26
3732 30
3733 30
3734 7
3735 7
3736 17
3737 12
3738 7
3739 17
3740 1
3741 7
3742 1
3743 6
3744 7
3745 17
3746 17
3747 24
3748 19
3749 3
3750 17
3751 29
3752 17
3753 17
3754 17
3755 17
3756 17
3757 17
3758 7
3759 11
3760 30
3761 11
3762 14
3763 30
3764 17
3765 17
3766 17
3767 7
3768 21
3769 6
3770 17
3771 23
3772 31
3773 17
3774 17
3775 1
3776 30
3777 34
3778 7
3779 31
3780 10
3781 9
3782 17
3783 17
3784 17
3785 17
3786 34
3787 17
3788 28
3789 31
3790 10
3791 5
3792 29
3793 20
3794 17
3795 1
3796 34
3797 15
3798 30
3799 26
3800 4
3801 17
3802 15
3803 34
3804 25
3805 30
3806 30
3807 24
3808 11
3809 17
3810 7
3811 18
3812 29
3813 1
3814 17
3815 28
3816 1
3817 17
3818 17
3819 17
3820 30
3821 31
3822 14
3823 10
3824 12
3825 34
3826 15
3827 17
3828 17
3829 1
3830 1
3831 1
3832 13
3833 7
3834 7
3835 5
3836 7
3837 7
3838 15
3839 15
3840 7
3841 25
3842 7
3843 7
3844 15
3845 24
3846 17
3847 15
3848 21
3849 29
3850 17
3851 23
3852 7
3853 7
3854 9
3855 24
3856 7
3857 7
3858 5
3859 17
3860 18
3861 5
3862 1
3863 1
3864 35
3865 5
3866 15
3867 9
3868 7
3869 30
3870 10
3871 1
3872 11
3873 30
3874 30
3875 6
3876 7
3877 28
3878 17
3879 17
3880 19
3881 18
3882 17
3883 10
3884 17
3885 19
3886 30
3887 24
3888 16
3889 17
3890 8
3891 35
3892 7
3893 17
3894 7
3895 35
3896 30
3897 17
3898 17
3899 18
3900 29
3901 1
3902 17
3903 7
3904 29
3905 29
3906 7
3907 27
3908 19
3909 19
3910 22
3911 24
3912 27
3913 27
3914 29
3915 30
3916 30
3917 35
3918 28
3919 5
3920 12
3921 1
3922 30
3923 8
3924 31
3925 1
3926 7
3927 33
3928 16
3929 17
3930 9
3931 17
3932 1
3933 30
3934 30
3935 30
3936 27
3937 31
3938 22
3939 1
3940 26
3941 7
3942 17
3943 1
3944 7
3945 31
3946 31
3947 18
3948 17
3949 7
3950 3
3951 17
3952 31
3953 35
3954 26
3955 32
3956 4
3957 17
3958 7
3959 18
3960 17
3961 9
3962 17
3963 31
3964 7
3965 31
3966 27
3967 17
3968 20
3969 34
3970 17
3971 14
3972 31
3973 18
3974 31
3975 26
3976 7
3977 31
3978 4
3979 1
3980 18
3981 18
3982 1
3983 1
3984 21
3985 31
3986 18
3987 6
3988 6
3989 7
3990 31
3991 18
3992 8
3993 18
3994 7
3995 23
3996 17
3997 18
3998 3
3999 18
4000 7
4001 34
4002 7
4003 32
4004 18
4005 7
4006 8
4007 5
4008 7
4009 31
4010 31
4011 10
4012 31
4013 34
4014 25
4015 24
4016 11
4017 19
4018 25
4019 32
4020 1
4021 28
4022 8
4023 9
4024 1
4025 13
4026 1
4027 18
4028 5
4029 31
4030 7
4031 18
4032 6
4033 1
4034 31
4035 34
4036 18
4037 7
4038 3
4039 30
4040 21
4041 3
4042 12
4043 12
4044 21
4045 1
4046 29
4047 18
4048 7
4049 7
4050 31
4051 30
4052 31
4053 14
4054 26
4055 32
4056 18
4057 31
4058 7
4059 7
4060 31
4061 4
4062 1
4063 31
4064 24
4065 16
4066 31
4067 1
4068 7
4069 7
4070 18
4071 7
4072 7
4073 7
4074 9
4075 22
4076 1
4077 7
4078 10
4079 1
4080 18
4081 31
4082 7
4083 31
4084 18
4085 7
4086 31
4087 20
4088 19
4089 18
4090 18
4091 18
4092 31
4093 27
4094 11
4095 16
4096 9
4097 12
4098 7
4099 18
4100 10
4101 5
4102 13
4103 1
4104 14
4105 26
4106 31
4107 34
4108 15
4109 30
4110 22
4111 17
4112 18
4113 34
4114 30
4115 32
4116 18
4117 18
4118 29
4119 25
4120 7
4121 18
4122 22
4123 31
4124 18
4125 5
4126 25
4127 10
4128 18
4129 27
4130 31
4131 9
4132 31
4133 7
4134 18
4135 18
4136 1
4137 33
4138 31
4139 18
4140 34
4141 23
4142 18
4143 21
4144 16
4145 31
4146 18
4147 7
4148 18
4149 18
4150 18
4151 1
4152 18
4153 1
4154 34
4155 7
4156 7
4157 16
4158 1
4159 29
4160 3
4161 7
4162 31
4163 19
4164 41
4165 6
4166 9
4167 18
4168 34
4169 7
4170 35
4171 15
4172 1
4173 7
4174 26
4175 16
4176 26
4177 1
4178 21
4179 34
4180 18
4181 7
4182 1
4183 8
4184 25
4185 29
4186 7
4187 3
4188 18
4189 25
4190 9
4191 9
4192 1
4193 35
4194 26
4195 35
4196 13
4197 6
4198 12
4199 8
4200 1
4201 26
4202 18
4203 17
4204 16
4205 7
4206 18
4207 18
4208 27
4209 8
4210 7
4211 7
4212 27
4213 18
4214 25
4215 28
4216 7
4217 3
4218 18
4219 18
4220 4
4221 32
4222 34
4223 7
4224 23
4225 7
4226 18
4227 28
4228 32
4229 7
4230 7
4231 7
4232 1
4233 7
4234 1
4235 32
4236 1
4237 34
4238 7
4239 23
4240 7
4241 18
4242 35
4243 32
4244 1
4245 18
4246 7
4247 28
4248 1
4249 4
4250 7
4251 18
4252 18
4253 18
4254 32
4255 1
4256 34
4257 32
4258 25
4259 16
4260 7
4261 1
4262 18
4263 18
4264 7
4265 12
4266 7
4267 6
4268 18
4269 7
4270 18
4271 7
4272 23
4273 21
4274 7
4275 1
4276 7
4277 8
4278 18
4279 3
4280 7
4281 8
4282 18
4283 23
4284 13
4285 4
4286 18
4287 18
4288 3
4289 7
4290 1
4291 7
4292 18
4293 1
4294 7
4295 15
4296 7
4297 22
4298 18
4299 18
4300 24
4301 18
4302 5
4303 7
4304 5
4305 10
4306 19
4307 1
4308 32
4309 7
4310 18
4311 32
4312 24
4313 1
4314 5
4315 32
4316 18
4317 21
4318 34
4319 7
4320 7
4321 18
4322 31
4323 12
4324 18
4325 7
4326 35
4327 32
4328 23
4329 18
4330 30
4331 19
4332 18
4333 6
4334 7
4335 21
4336 18
4337 18
4338 21
4339 16
4340 17
4341 1
4342 1
4343 17
4344 29
4345 30
4346 24
4347 18
4348 32
4349 18
4350 7
4351 23
4352 7
4353 1
4354 14
4355 32
4356 33
4357 11
4358 13
4359 34
4360 30
4361 7
4362 18
4363 24
4364 18
4365 34
4366 3
4367 1
4368 18
4369 35
4370 34
4371 1
4372 18
4373 15
4374 32
4375 18
4376 32
4377 5
4378 20
4379 18
4380 21
4381 1
4382 1
4383 1
4384 26
4385 7
4386 18
4387 32
4388 34
4389 7
4390 18
4391 25
4392 12
4393 15
4394 1
4395 13
4396 19
4397 30
4398 1
4399 22
4400 22
4401 24
4402 13
4403 7
4404 32
4405 25
4406 7
4407 7
4408 18
4409 30
4410 18
4411 23
4412 14
4413 24
4414 7
4415 25
4416 18
4417 30
4418 7
4419 3
4420 7
4421 17
4422 8
4423 33
4424 7
4425 1
4426 18
4427 4
4428 21
4429 29
4430 7
4431 7
4432 21
4433 32
4434 23
4435 22
4436 34
4437 34
4438 1
4439 18
4440 23
4441 18
4442 32
4443 4
4444 7
4445 32
4446 32
4447 31
4448 17
4449 7
4450 7
4451 1
4452 26
4453 32
4454 6
4455 18
4456 18
4457 19
4458 7
4459 34
4460 7
4461 4
4462 1
4463 7
4464 32
4465 5
4466 22
4467 1
4468 19
4469 19
4470 7
4471 12
4472 8
4473 13
4474 1
4475 24
4476 1
4477 13
4478 8
4479 19
4480 8
4481 32
4482 8
4483 13
4484 34
4485 35
4486 3
4487 19
4488 19
4489 33
4490 8
4491 19
4492 19
4493 35
4494 7
4495 19
4496 26
4497 8
4498 35
4499 33
4500 21
4501 29
4502 13
4503 19
4504 31
4505 12
4506 8
4507 19
4508 19
4509 7
4510 19
4511 33
4512 7
4513 28
4514 1
4515 19
4516 18
4517 31
4518 19
4519 31
4520 1
4521 8
4522 35
4523 35
4524 1
4525 1
4526 32
4527 8
4528 33
4529 32
4530 35
4531 35
4532 1
4533 34
4534 17
4535 19
4536 1
4537 8
4538 20
4539 19
4540 8
4541 19
4542 31
4543 33
4544 4
4545 26
4546 29
4547 23
4548 29
4549 33
4550 15
4551 19
4552 19
4553 32
4554 12
4555 8
4556 7
4557 28
4558 22
4559 19
4560 4
4561 23
4562 17
4563 19
4564 19
4565 20
4566 19
4567 5
4568 1
4569 19
4570 8
4571 27
4572 19
4573 10
4574 19
4575 11
4576 9
4577 19
4578 35
4579 35
4580 18
4581 9
4582 14
4583 8
4584 4
4585 19
4586 17
4587 7
4588 33
4589 32
4590 10
4591 19
4592 33
4593 7
4594 33
4595 1
4596 41
4597 35
4598 19
4599 33
4600 16
4601 19
4602 8
4603 8
4604 9
4605 8
4606 12
4607 33
4608 19
4609 28
4610 19
4611 8
4612 19
4613 8
4614 19
4615 3
4616 19
4617 1
4618 20
4619 21
4620 15
4621 26
4622 19
4623 30
4624 19
4625 5
4626 6
4627 8
4628 19
4629 19
4630 16
4631 33
4632 10
4633 6
4634 24
4635 7
4636 8
4637 17
4638 7
4639 30
4640 19
4641 19
4642 1
4643 25
4644 17
4645 19
4646 8
4647 8
4648 35
4649 8
4650 16
4651 28
4652 8
4653 1
4654 23
4655 11
4656 8
4657 19
4658 8
4659 19
4660 13
4661 33
4662 12
4663 8
4664 29
4665 3
4666 21
4667 8
4668 33
4669 28
4670 35
4671 1
4672 33
4673 26
4674 8
4675 19
4676 8
4677 33
4678 34
4679 27
4680 15
4681 28
4682 8
4683 19
4684 23
4685 10
4686 8
4687 24
4688 34
4689 14
4690 19
4691 33
4692 19
4693 18
4694 8
4695 30
4696 35
4697 28
4698 19
4699 19
4700 8
4701 13
4702 35
4703 8
4704 18
4705 30
4706 19
4707 29
4708 10
4709 29
4710 35
4711 1
4712 32
4713 28
4714 26
4715 32
4716 8
4717 5
4718 19
4719 8
4720 22
4721 1
4722 16
4723 33
4724 8
4725 8
4726 29
4727 35
4728 8
4729 9
4730 8
4731 19
4732 3
4733 31
4734 19
4735 8
4736 1
4737 1
4738 33
4739 19
4740 1
4741 15
4742 33
4743 8
4744 26
4745 20
4746 1
4747 34
4748 8
4749 33
4750 8
4751 28
4752 20
4753 1
4754 19
4755 8
4756 8
4757 19
4758 1
4759 26
4760 8
4761 22
4762 9
4763 19
4764 1
4765 8
4766 19
4767 8
4768 8
4769 8
4770 1
4771 30
4772 19
4773 3
4774 1
4775 1
4776 19
4777 17
4778 9
4779 8
4780 8
4781 6
4782 19
4783 1
4784 11
4785 24
4786 19
4787 10
4788 33
4789 8
4790 29
4791 7
4792 19
4793 1
4794 19
4795 30
4796 19
4797 35
4798 1
4799 8
4800 8
4801 23
4802 1
4803 30
4804 19
4805 28
4806 23
4807 12
4808 4
4809 19
4810 8
4811 8
4812 19
4813 8
4814 33
4815 19
4816 27
4817 16
4818 20
4819 33
4820 19
4821 19
4822 9
4823 8
4824 17
4825 19
4826 5
4827 1
4828 10
4829 8
4830 33
4831 19
4832 17
4833 35
4834 19
4835 28
4836 19
4837 12
4838 19
4839 1
4840 19
4841 21
4842 27
4843 19
4844 28
4845 28
4846 8
4847 20
4848 8
4849 28
4850 28
4851 1
4852 1
4853 19
4854 19
4855 11
4856 29
4857 28
4858 8
4859 34
4860 25
4861 8
4862 30
4863 19
4864 19
4865 1
4866 27
4867 8
4868 8
4869 1
4870 25
4871 6
4872 8
4873 19
4874 15
4875 23
4876 19
4877 19
4878 19
4879 28
4880 33
4881 19
4882 20
4883 14
4884 1
4885 19
4886 21
4887 19
4888 19
4889 8
4890 28
4891 19
4892 8
4893 26
4894 11
4895 15
4896 8
4897 18
4898 19
4899 1
4900 28
4901 19
4902 8
4903 20
4904 8
4905 20
4906 16
4907 20
4908 1
4909 5
4910 33
4911 26
4912 16
4913 8
4914 22
4915 29
4916 8
4917 8
4918 28
4919 8
4920 20
4921 20
4922 20
4923 19
4924 28
4925 18
4926 16
4927 8
4928 5
4929 34
4930 1
4931 8
4932 1
4933 8
4934 22
4935 20
4936 28
4937 4
4938 10
4939 8
4940 21
4941 27
4942 20
4943 28
4944 1
4945 33
4946 13
4947 1
4948 28
4949 28
4950 8
4951 11
4952 1
4953 20
4954 15
4955 20
4956 8
4957 25
4958 4
4959 1
4960 1
4961 28
4962 19
4963 28
4964 34
4965 8
4966 20
4967 23
4968 5
4969 16
4970 8
4971 28
4972 8
4973 1
4974 8
4975 17
4976 20
4977 1
4978 14
4979 30
4980 8
4981 18
4982 36
4983 4
4984 34
4985 28
4986 17
4987 11
4988 8
4989 20
4990 18
4991 20
4992 8
4993 34
4994 9
4995 1
4996 20
4997 34
4998 8
4999 1
5000 6
5001 23
5002 28
5003 1
5004 28
5005 12
5006 20
5007 10
5008 20
5009 25
5010 8
5011 8
5012 33
5013 8
5014 1
5015 20
5016 25
5017 3
5018 28
5019 1
5020 27
5021 20
5022 15
5023 12
5024 8
5025 4
5026 21
5027 17
5028 21
5029 32
5030 18
5031 20
5032 28
5033 9
5034 28
5035 28
5036 15
5037 8
5038 1
5039 20
5040 20
5041 25
5042 29
5043 23
5044 11
5045 8
5046 1
5047 32
5048 27
5049 9
5050 34
5051 13
5052 3
5053 20
5054 21
5055 20
5056 15
5057 8
5058 23
5059 11
5060 23
5061 28
5062 20
5063 8
5064 34
5065 20
5066 8
5067 30
5068 3
5069 7
5070 1
5071 14
5072 8
5073 28
5074 8
5075 8
5076 21
5077 10
5078 28
5079 3
5080 15
5081 8
5082 28
5083 8
5084 5
5085 28
5086 1
5087 11
5088 8
5089 28
5090 8
5091 28
5092 34
5093 8
5094 18
5095 6
5096 1
5097 26
5098 10
5099 8
5100 23
5101 5
5102 5
5103 28
5104 4
5105 8
5106 18
5107 28
5108 1
5109 8
5110 8
5111 12
5112 8
5113 1
5114 20
5115 1
5116 8
5117 20
5118 1
5119 34
5120 8
5121 20
5122 12
5123 8
5124 20
5125 20
5126 32
5127 16
5128 8
5129 17
5130 28
5131 8
5132 30
5133 20
5134 15
5135 1
5136 1
5137 8
5138 28
5139 11
5140 19
5141 26
5142 23
5143 1
5144 28
5145 24
5146 28
5147 22
5148 20
5149 28
5150 1
5151 28
5152 8
5153 20
5154 1
5155 1
5156 16
5157 35
5158 20
5159 4
5160 23
5161 16
5162 17
5163 8
5164 28
5165 24
5166 16
5167 1
5168 31
5169 8
5170 3
5171 29
5172 20
5173 20
5174 10
5175 8
5176 8
5177 8
5178 8
5179 27
5180 8
5181 8
5182 1
5183 32
5184 1
5185 8
5186 19
5187 20
5188 19
5189 1
5190 20
5191 14
5192 8
5193 27
5194 1
5195 1
5196 1
5197 20
5198 1
5199 32
5200 3
5201 8
5202 8
5203 20
5204 17
5205 35
5206 20
5207 20
5208 20
5209 28
5210 1
5211 8
5212 35
5213 18
5214 8
5215 8
5216 20
5217 13
5218 34
5219 20
5220 7
5221 20
5222 20
5223 1
5224 4
5225 6
5226 13
5227 20
5228 8
5229 8
5230 8
5231 28
5232 25
5233 28
5234 30
5235 5
5236 26
5237 7
5238 20
5239 19
5240 20
5241 1
5242 16
5243 24
5244 35
5245 20
5246 9
5247 9
5248 20
5249 35
5250 9
5251 26
5252 28
5253 1
5254 28
5255 9
5256 9
5257 28
5258 14
5259 9
5260 1
5261 3
5262 20
5263 13
5264 16
5265 10
5266 32
5267 26
5268 33
5269 9
5270 1
5271 9
5272 26
5273 20
5274 1
5275 9
5276 9
5277 20
5278 9
5279 5
5280 9
5281 15
5282 20
5283 15
5284 9
5285 22
5286 24
5287 9
5288 14
5289 1
5290 9
5291 6
5292 27
5293 28
5294 6
5295 8
5296 7
5297 20
5298 24
5299 9
5300 9
5301 20
5302 9
5303 24
5304 28
5305 12
5306 1
5307 28
5308 22
5309 21
5310 28
5311 14
5312 9
5313 16
5314 12
5315 28
5316 20
5317 34
5318 20
5319 20
5320 27
5321 9
5322 16
5323 1
5324 3
5325 20
5326 10
5327 4
5328 29
5329 13
5330 28
5331 13
5332 9
5333 20
5334 9
5335 15
5336 20
5337 23
5338 9
5339 31
5340 9
5341 9
5342 13
5343 1
5344 20
5345 20
5346 9
5347 20
5348 35
5349 20
5350 28
5351 17
5352 20
5353 20
5354 1
5355 22
5356 9
5357 30
5358 20
5359 20
5360 25
5361 24
5362 1
5363 22
5364 15
5365 25
5366 17
5367 20
5368 23
5369 15
5370 20
5371 9
5372 9
5373 9
5374 9
5375 9
5376 35
5377 17
5378 9
5379 9
5380 6
5381 9
5382 34
5383 17
5384 20
5385 1
5386 28
5387 28
5388 9
5389 28
5390 34
5391 8
5392 9
5393 11
5394 14
5395 9
5396 28
5397 1
5398 9
5399 30
5400 1
5401 10
5402 26
5403 1
5404 34
5405 14
5406 1
5407 5
5408 9
5409 28
5410 19
5411 9
5412 1
5413 5
5414 1
5415 29
5416 29
5417 1
5418 5
5419 12
5420 16
5421 20
5422 9
5423 9
5424 29
5425 29
5426 15
5427 34
5428 4
5429 6
5430 20
5431 27
5432 20
5433 34
5434 20
5435 34
5436 9
5437 20
5438 18
5439 9
5440 5
5441 9
5442 4
5443 12
5444 1
5445 28
5446 34
5447 3
5448 1
5449 29
5450 11
5451 19
5452 30
5453 34
5454 20
5455 1
5456 12
5457 8
5458 9
5459 9
5460 29
5461 20
5462 9
5463 21
5464 9
5465 1
5466 34
5467 9
5468 14
5469 21
5470 1
5471 9
5472 19
5473 21
5474 35
5475 29
5476 29
5477 1
5478 9
5479 9
5480 21
5481 29
5482 23
5483 34
5484 31
5485 21
5486 21
5487 13
5488 29
5489 3
5490 29
5491 21
5492 29
5493 5
5494 1
5495 1
5496 6
5497 21
5498 9
5499 21
5500 1
5501 26
5502 29
5503 21
5504 21
5505 5
5506 21
5507 23
5508 1
5509 21
5510 34
5511 9
5512 1
5513 9
5514 28
5515 21
5516 9
5517 21
5518 21
5519 1
5520 21
5521 9
5522 9
5523 21
5524 11
5525 1
5526 21
5527 29
5528 23
5529 29
5530 9
5531 7
5532 1
5533 5
5534 20
5535 23
5536 21
5537 16
5538 15
5539 13
5540 24
5541 19
5542 21
5543 6
5544 32
5545 11
5546 10
5547 21
5548 21
5549 22
5550 29
5551 8
5552 34
5553 12
5554 9
5555 21
5556 34
5557 20
5558 21
5559 9
5560 23
5561 9
5562 7
5563 24
5564 26
5565 39
5566 14
5567 19
5568 27
5569 16
5570 9
5571 21
5572 33
5573 35
5574 1
5575 35
5576 9
5577 29
5578 16
5579 29
5580 9
5581 9
5582 9
5583 23
5584 29
5585 30
5586 17
5587 29
5588 28
5589 16
5590 27
5591 7
5592 9
5593 21
5594 22
5595 31
5596 29
5597 9
5598 29
5599 15
5600 29
5601 21
5602 19
5603 23
5604 21
5605 17
5606 24
5607 15
5608 9
5609 17
5610 24
5611 11
5612 15
5613 21
5614 18
5615 21
5616 29
5617 9
5618 21
5619 1
5620 15
5621 1
5622 6
5623 22
5624 5
5625 28
5626 15
5627 20
5628 9
5629 3
5630 16
5631 9
5632 20
5633 1
5634 21
5635 8
5636 5
5637 1
5638 23
5639 9
5640 21
5641 29
5642 21
5643 9
5644 21
5645 3
5646 21
5647 38
5648 4
5649 9
5650 21
5651 33
5652 29
5653 21
5654 35
5655 5
5656 18
5657 35
5658 21
5659 1
5660 35
5661 28
5662 21
5663 28
5664 21
5665 9
5666 9
5667 29
5668 14
5669 32
5670 1
5671 4
5672 14
5673 4
5674 35
5675 9
5676 25
5677 1
5678 5
5679 21
5680 21
5681 21
5682 8
5683 15
5684 9
5685 3
5686 9
5687 21
5688 13
5689 7
5690 16
5691 9
5692 20
5693 21
5694 29
5695 16
5696 20
5697 21
5698 1
5699 9
5700 21
5701 1
5702 21
5703 9
5704 35
5705 29
5706 28
5707 21
5708 9
5709 21
5710 25
5711 24
5712 7
5713 9
5714 9
5715 18
5716 15
5717 35
5718 9
5719 21
5720 4
5721 9
5722 9
5723 26
5724 1
5725 9
5726 29
5727 22
5728 9
5729 21
5730 9
5731 21
5732 1
5733 33
5734 29
5735 9
5736 1
5737 29
5738 29
5739 7
5740 35
5741 29
5742 9
5743 35
5744 7
5745 21
5746 9
5747 4
5748 30
5749 15
5750 3
5751 9
5752 3
5753 21
5754 9
5755 25
5756 18
5757 29
5758 7
5759 16
5760 22
5761 25
5762 9
5763 21
5764 27
5765 1
5766 19
5767 10
5768 15
5769 8
5770 9
5771 35
5772 3
5773 26
5774 21
5775 21
5776 18
5777 29
5778 17
5779 9
5780 9
5781 9
5782 29
5783 20
5784 17
5785 18
5786 21
5787 29
5788 21
5789 21
5790 9
5791 1
5792 9
5793 10
5794 9
5795 12
5796 5
5797 29
5798 4
5799 1
5800 21
5801 15
5802 21
5803 22
5804 21
5805 1
5806 21
5807 11
5808 13
5809 33
5810 1
5811 9
5812 29
5813 21
5814 23
5815 21
5816 9
5817 32
5818 19
5819 1
5820 21
5821 29
5822 32
5823 22
5824 21
5825 12
5826 16
5827 9
5828 11
5829 21
5830 29
5831 1
5832 1
5833 18
5834 7
5835 21
5836 33
5837 9
5838 17
5839 9
5840 13
5841 31
5842 9
5843 21
5844 12
5845 32
5846 37
5847 12
5848 9
5849 9
5850 22
5851 9
5852 13
5853 9
5854 11
5855 33
5856 9
5857 24
5858 9
5859 17
5860 29
5861 1
5862 1
5863 10
5864 21
5865 32
5866 34
5867 9
5868 21
5869 1
5870 21
5871 17
5872 21
5873 31
5874 9
5875 9
5876 22
5877 32
5878 5
5879 24
5880 9
5881 21
5882 31
5883 31
5884 1
5885 25
5886 30
5887 1
5888 12
5889 33
5890 23
5891 9
5892 29
5893 14
5894 9
5895 21
5896 29
5897 33
5898 21
5899 1
5900 8
5901 9
5902 21
5903 34
5904 9
5905 21
5906 19
5907 9
5908 29
5909 1
5910 34
5911 25
5912 6
5913 29
5914 21
5915 9
5916 30
5917 1
5918 31
5919 9
5920 21
5921 28
5922 21
5923 21
5924 21
5925 21
5926 31
5927 21
5928 9
5929 21
5930 9
5931 9
5932 9
5933 31
5934 9
5935 9
5936 9
5937 7
5938 9
5939 9
5940 21
5941 4
5942 1
5943 1
5944 34
5945 8
5946 1
5947 21
5948 29
5949 29
5950 9
5951 31
5952 10
5953 21
5954 9
5955 9
5956 4
5957 1
5958 21
5959 27
5960 21
5961 35
5962 1
5963 34
5964 21
5965 16
5966 1
5967 18
5968 1
5969 17
5970 1
5971 1
5972 10
5973 28
5974 21
5975 21
5976 23
5977 13
5978 34
5979 1
5980 22
5981 33
5982 31
5983 15
5984 4
5985 10
5986 8
5987 21
5988 22
5989 22
5990 16
5991 10
5992 34
5993 7
5994 10
5995 18
5996 14
5997 1
5998 29
5999 10
6000 34
6001 1
6002 21
6003 10
6004 20
6005 9
6006 22
6007 12
6008 12
6009 31
6010 13
6011 29
6012 26
6013 19
6014 17
6015 29
6016 29
6017 22
6018 18
6019 21
6020 10
6021 35
6022 32
6023 1
6024 34
6025 22
6026 25
6027 22
6028 29
6029 29
6030 22
6031 10
6032 3
6033 25
6034 22
6035 27
6036 23
6037 10
6038 19
6039 7
6040 29
6041 29
6042 13
6043 10
6044 10
6045 10
6046 26
6047 19
6048 1
6049 1
6050 10
6051 22
6052 29
6053 29
6054 22
6055 21
6056 10
6057 22
6058 9
6059 13
6060 26
6061 7
6062 34
6063 10
6064 10
6065 22
6066 22
6067 10
6068 5
6069 10
6070 22
6071 35
6072 26
6073 1
6074 10
6075 22
6076 26
6077 9
6078 29
6079 1
6080 22
6081 6
6082 5
6083 8
6084 22
6085 10
6086 1
6087 20
6088 22
6089 10
6090 10
6091 29
6092 10
6093 10
6094 35
6095 10
6096 22
6097 15
6098 29
6099 26
6100 19
6101 5
6102 10
6103 1
6104 9
6105 22
6106 1
6107 10
6108 29
6109 1
6110 10
6111 10
6112 22
6113 10
6114 15
6115 29
6116 34
6117 35
6118 1
6119 1
6120 35
6121 10
6122 29
6123 25
6124 29
6125 34
6126 19
6127 10
6128 22
6129 1
6130 22
6131 28
6132 6
6133 1
6134 30
6135 35
6136 10
6137 22
6138 1
6139 35
6140 24
6141 23
6142 3
6143 22
6144 5
6145 22
6146 34
6147 1
6148 30
6149 10
6150 32
6151 28
6152 30
6153 10
6154 12
6155 1
6156 9
6157 7
6158 3
6159 17
6160 1
6161 29
6162 22
6163 18
6164 21
6165 10
6166 10
6167 5
6168 8
6169 30
6170 22
6171 22
6172 10
6173 17
6174 17
6175 10
6176 34
6177 30
6178 22
6179 30
6180 21
6181 6
6182 20
6183 3
6184 28
6185 10
6186 34
6187 22
6188 30
6189 33
6190 10
6191 30
6192 25
6193 30
6194 28
6195 34
6196 7
6197 22
6198 10
6199 16
6200 9
6201 10
6202 10
6203 10
6204 16
6205 20
6206 34
6207 9
6208 10
6209 16
6210 10
6211 29
6212 10
6213 4
6214 25
6215 10
6216 3
6217 22
6218 27
6219 22
6220 20
6221 18
6222 6
6223 1
6224 1
6225 22
6226 20
6227 10
6228 30
6229 9
6230 4
6231 24
6232 27
6233 31
6234 10
6235 9
6236 10
6237 1
6238 30
6239 30
6240 19
6241 3
6242 22
6243 24
6244 30
6245 9
6246 30
6247 12
6248 22
6249 22
6250 11
6251 10
6252 30
6253 30
6254 30
6255 10
6256 12
6257 24
6258 3
6259 10
6260 4
6261 14
6262 10
6263 23
6264 10
6265 1
6266 1
6267 21
6268 10
6269 19
6270 7
6271 10
6272 34
6273 4
6274 14
6275 22
6276 13
6277 34
6278 22
6279 28
6280 13
6281 22
6282 4
6283 1
6284 22
6285 18
6286 24
6287 10
6288 1
6289 4
6290 29
6291 17
6292 10
6293 10
6294 10
6295 27
6296 10
6297 4
6298 20
6299 22
6300 22
6301 16
6302 11
6303 22
6304 1
6305 30
6306 34
6307 22
6308 17
6309 17
6310 17
6311 7
6312 9
6313 10
6314 30
6315 16
6316 10
6317 21
6318 1
6319 34
6320 21
6321 16
6322 34
6323 10
6324 22
6325 22
6326 22
6327 32
6328 42
6329 22
6330 17
6331 11
6332 32
6333 10
6334 22
6335 23
6336 1
6337 10
6338 30
6339 19
6340 14
6341 12
6342 30
6343 15
6344 34
6345 28
6346 10
6347 3
6348 11
6349 14
6350 22
6351 22
6352 34
6353 30
6354 22
6355 10
6356 1
6357 1
6358 10
6359 17
6360 8
6361 34
6362 30
6363 22
6364 20
6365 30
6366 22
6367 10
6368 1
6369 1
6370 18
6371 8
6372 22
6373 30
6374 28
6375 32
6376 34
6377 6
6378 10
6379 15
6380 30
6381 33
6382 19
6383 22
6384 22
6385 25
6386 17
6387 31
6388 1
6389 22
6390 22
6391 4
6392 22
6393 1
6394 10
6395 34
6396 4
6397 22
6398 30
6399 1
6400 23
6401 4
6402 25
6403 1
6404 17
6405 9
6406 22
6407 22
6408 22
6409 30
6410 10
6411 10
6412 21
6413 30
6414 19
6415 16
6416 22
6417 10
6418 15
6419 22
6420 10
6421 1
6422 20
6423 22
6424 34
6425 30
6426 10
6427 6
6428 22
6429 10
6430 18
6431 30
6432 5
6433 10
6434 20
6435 1
6436 21
6437 12
6438 11
6439 17
6440 12
6441 29
6442 5
6443 25
6444 16
6445 10
6446 7
6447 13
6448 30
6449 22
6450 30
6451 29
6452 34
6453 1
6454 10
6455 1
6456 22
6457 4
6458 27
6459 30
6460 22
6461 33
6462 17
6463 10
6464 5
6465 26
6466 10
6467 10
6468 10
6469 19
6470 24
6471 1
6472 20
6473 27
6474 34
6475 22
6476 18
6477 24
6478 10
6479 22
6480 14
6481 30
6482 4
6483 22
6484 10
6485 10
6486 1
6487 10
6488 10
6489 27
6490 22
6491 30
6492 34
6493 1
6494 13
6495 28
6496 22
6497 24
6498 30
6499 1
6500 13
6501 3
6502 22
6503 28
6504 30
6505 30
6506 30
6507 26
6508 10
6509 10
6510 28
6511 2
6512 2
6513 25
6514 29
6515 22
6516 22
6517 10
6518 10
6519 17
6520 10
6521 28
6522 10
6523 21
6524 8
6525 10
6526 6
6527 3
6528 16
6529 18
6530 9
6531 34
6532 22
6533 31
6534 5
6535 30
6536 29
6537 30
6538 10
6539 9
6540 22
6541 22
6542 22
6543 22
6544 34
6545 10
6546 22
6547 10
6548 22
6549 33
6550 18
6551 10
6552 30
6553 16
6554 25
6555 10
6556 29
6557 10
6558 22
6559 31
6560 10
6561 22
6562 10
6563 28
6564 10
6565 22
6566 3
6567 8
6568 2
6569 2
6570 19
6571 31
6572 22
6573 2
6574 23
6575 28
6576 19
6577 30
6578 17
6579 10
6580 30
6581 34
6582 23
6583 5
6584 5
6585 24
6586 2
6587 21
6588 23
6589 27
6590 2
6591 23
6592 29
6593 10
6594 2
6595 30
6596 27
6597 10
6598 2
6599 10
6600 23
6601 11
6602 10
6603 10
6604 21
6605 28
6606 29
6607 21
6608 2
6609 33
6610 35
6611 10
6612 19
6613 2
6614 18
6615 2
6616 20
6617 30
6618 30
6619 30
6620 6
6621 23
6622 15
6623 25
6624 9
6625 18
6626 3
6627 30
6628 2
6629 23
6630 11
6631 33
6632 10
6633 10
6634 13
6635 2
6636 2
6637 35
6638 19
6639 9
6640 23
6641 10
6642 30
6643 10
6644 10
6645 18
6646 12
6647 30
6648 10
6649 10
6650 30
6651 10
6652 32
6653 14
6654 25
6655 15
6656 23
6657 6
6658 23
6659 20
6660 10
6661 9
6662 26
6663 7
6664 23
6665 10
6666 29
6667 25
6668 23
6669 22
6670 35
6671 23
6672 25
6673 23
6674 24
6675 30
6676 29
6677 29
6678 14
6679 10
6680 23
6681 35
6682 27
6683 2
6684 23
6685 23
6686 31
6687 2
6688 2
6689 10
6690 10
6691 7
6692 30
6693 20
6694 2
6695 20
6696 8
6697 20
6698 13
6699 25
6700 9
6701 2
6702 10
6703 10
6704 14
6705 10
6706 23
6707 35
6708 13
6709 18
6710 10
6711 17
6712 10
6713 10
6714 23
6715 16
6716 10
6717 10
6718 10
6719 2
6720 20
6721 25
6722 23
6723 10
6724 30
6725 10
6726 23
6727 16
6728 10
6729 10
6730 23
6731 30
6732 2
6733 6
6734 14
6735 10
6736 22
6737 10
6738 10
6739 19
6740 10
6741 19
6742 2
6743 23
6744 10
6745 32
6746 15
6747 5
6748 17
6749 26
6750 23
6751 33
6752 23
6753 2
6754 23
6755 14
6756 16
6757 19
6758 28
6759 3
6760 29
6761 15
6762 16
6763 30
6764 11
6765 2
6766 23
6767 33
6768 2
6769 28
6770 23
6771 23
6772 30
6773 21
6774 30
6775 11
6776 23
6777 11
6778 2
6779 34
6780 16
6781 30
6782 11
6783 6
6784 29
6785 35
6786 26
6787 12
6788 30
6789 30
6790 13
6791 11
6792 2
6793 7
6794 33
6795 23
6796 7
6797 23
6798 11
6799 2
6800 10
6801 11
6802 42
6803 2
6804 20
6805 23
6806 22
6807 7
6808 30
6809 4
6810 4
6811 9
6812 23
6813 23
6814 30
6815 20
6816 32
6817 6
6818 2
6819 11
6820 11
6821 15
6822 30
6823 22
6824 36
6825 15
6826 36
6827 23
6828 7
6829 9
6830 11
6831 3
6832 11
6833 23
6834 31
6835 2
6836 31
6837 14
6838 22
6839 31
6840 23
6841 19
6842 23
6843 30
6844 30
6845 17
6846 30
6847 11
6848 11
6849 4
6850 30
6851 2
6852 15
6853 4
6854 30
6855 23
6856 21
6857 11
6858 23
6859 29
6860 13
6861 11
6862 11
6863 23
6864 30
6865 23
6866 34
6867 11
6868 30
6869 11
6870 11
6871 15
6872 24
6873 4
6874 6
6875 10
6876 11
6877 9
6878 22
6879 7
6880 2
6881 35
6882 23
6883 11
6884 23
6885 35
6886 2
6887 11
6888 30
6889 11
6890 32
6891 7
6892 27
6893 33
6894 34
6895 2
6896 14
6897 2
6898 26
6899 11
6900 4
6901 20
6902 30
6903 30
6904 23
6905 34
6906 30
6907 2
6908 4
6909 2
6910 23
6911 18
6912 23
6913 25
6914 30
6915 11
6916 11
6917 32
6918 31
6919 27
6920 4
6921 23
6922 31
6923 19
6924 34
6925 31
6926 2
6927 13
6928 11
6929 11
6930 31
6931 22
6932 2
6933 31
6934 22
6935 23
6936 33
6937 23
6938 13
6939 15
6940 11
6941 13
6942 23
6943 11
6944 2
6945 4
6946 2
6947 16
6948 15
6949 28
6950 30
6951 10
6952 11
6953 23
6954 18
6955 29
6956 2
6957 31
6958 11
6959 11
6960 11
6961 23
6962 5
6963 10
6964 11
6965 21
6966 31
6967 2
6968 11
6969 15
6970 31
6971 30
6972 17
6973 23
6974 31
6975 23
6976 24
6977 2
6978 11
6979 2
6980 11
6981 23
6982 33
6983 16
6984 16
6985 19
6986 11
6987 3
6988 23
6989 31
6990 23
6991 24
6992 14
6993 22
6994 17
6995 11
6996 11
6997 31
6998 23
6999 11
7000 2
7001 10
7002 31
7003 23
7004 32
7005 6
7006 23
7007 23
7008 23
7009 19
7010 23
7011 6
7012 23
7013 11
7014 23
7015 19
7016 10
7017 23
7018 31
7019 23
7020 5
7021 31
7022 21
7023 21
7024 30
7025 26
7026 16
7027 31
7028 11
7029 28
7030 31
7031 33
7032 3
7033 30
7034 31
7035 31
7036 17
7037 31
7038 11
7039 23
7040 31
7041 31
7042 33
7043 31
7044 2
7045 12
7046 23
7047 23
7048 23
7049 11
7050 2
7051 20
7052 22
7053 27
7054 19
7055 31
7056 33
7057 23
7058 11
7059 35
7060 11
7061 11
7062 4
7063 31
7064 23
7065 16
7066 31
7067 12
7068 23
7069 23
7070 23
7071 2
7072 40
7073 2
7074 7
7075 31
7076 3
7077 31
7078 29
7079 23
7080 11
7081 15
7082 10
7083 23
7084 11
7085 34
7086 11
7087 11
7088 23
7089 29
7090 11
7091 16
7092 22
7093 8
7094 25
7095 23
7096 31
7097 11
7098 2
7099 24
7100 34
7101 12
7102 34
7103 11
7104 11
7105 28
7106 21
7107 11
7108 11
7109 11
7110 31
7111 11
7112 23
7113 5
7114 15
7115 11
7116 31
7117 2
7118 2
7119 19
7120 2
7121 2
7122 2
7123 20
7124 11
7125 19
7126 20
7127 13
7128 2
7129 11
7130 23
7131 23
7132 15
7133 20
7134 12
7135 6
7136 2
7137 11
7138 21
7139 11
7140 23
7141 35
7142 2
7143 23
7144 31
7145 30
7146 14
7147 17
7148 18
7149 23
7150 18
7151 23
7152 25
7153 30
7154 10
7155 2
7156 21
7157 11
7158 15
7159 19
7160 35
7161 33
7162 23
7163 23
7164 2
7165 11
7166 17
7167 9
7168 23
7169 22
7170 23
7171 21
7172 23
7173 22
7174 31
7175 34
7176 3
7177 11
7178 35
7179 17
7180 3
7181 4
7182 20
7183 25
7184 31
7185 12
7186 31
7187 31
7188 2
7189 11
7190 27
7191 23
7192 31
7193 18
7194 23
7195 11
7196 31
7197 11
7198 22
7199 34
7200 23
7201 23
7202 12
7203 24
7204 31
7205 2
7206 24
7207 2
7208 11
7209 2
7210 11
7211 24
7212 31
7213 24
7214 10
7215 20
7216 24
7217 17
7218 11
7219 11
7220 31
7221 16
7222 29
7223 19
7224 24
7225 30
7226 8
7227 5
7228 27
7229 11
7230 11
7231 21
7232 31
7233 15
7234 22
7235 7
7236 11
7237 2
7238 24
7239 24
7240 11
7241 2
7242 24
7243 11
7244 6
7245 29
7246 10
7247 24
7248 2
7249 6
7250 19
7251 15
7252 11
7253 15
7254 25
7255 11
7256 11
7257 32
7258 24
7259 11
7260 2
7261 3
7262 31
7263 11
7264 24
7265 8
7266 21
7267 18
7268 28
7269 24
7270 11
7271 24
7272 2
7273 24
7274 13
7275 31
7276 20
7277 20
7278 22
7279 27
7280 2
7281 18
7282 11
7283 6
7284 26
7285 11
7286 32
7287 31
7288 24
7289 11
7290 11
7291 39
7292 24
7293 11
7294 29
7295 13
7296 8
7297 34
7298 11
7299 11
7300 21
7301 11
7302 2
7303 17
7304 10
7305 31
7306 11
7307 33
7308 11
7309 33
7310 24
7311 20
7312 11
7313 11
7314 12
7315 3
7316 22
7317 27
7318 24
7319 17
7320 34
7321 30
7322 8
7323 24
7324 30
7325 16
7326 34
7327 20
7328 5
7329 24
7330 18
7331 11
7332 34
7333 29
7334 11
7335 22
7336 11
7337 11
7338 2
7339 22
7340 24
7341 24
7342 29
7343 34
7344 34
7345 24
7346 31
7347 2
7348 18
7349 13
7350 32
7351 24
7352 17
7353 31
7354 34
7355 24
7356 30
7357 31
7358 34
7359 24
7360 10
7361 11
7362 31
7363 34
7364 11
7365 7
7366 11
7367 19
7368 2
7369 2
7370 23
7371 31
7372 2
7373 24
7374 24
7375 11
7376 34
7377 7
7378 34
7379 24
7380 24
7381 11
7382 23
7383 24
7384 30
7385 31
7386 11
7387 30
7388 2
7389 31
7390 18
7391 26
7392 2
7393 11
7394 23
7395 19
7396 6
7397 11
7398 4
7399 11
7400 2
7401 20
7402 11
7403 29
7404 32
7405 38
7406 2
7407 22
7408 2
7409 3
7410 24
7411 20
7412 22
7413 16
7414 24
7415 24
7416 25
7417 26
7418 17
7419 26
7420 24
7421 10
7422 11
7423 2
7424 34
7425 24
7426 2
7427 11
7428 24
7429 20
7430 11
7431 2
7432 11
7433 11
7434 31
7435 11
7436 28
7437 11
7438 11
7439 21
7440 23
7441 31
7442 19
7443 24
7444 12
7445 24
7446 17
7447 28
7448 11
7449 11
7450 19
7451 22
7452 24
7453 11
7454 24
7455 26
7456 31
7457 11
7458 11
7459 26
7460 24
7461 11
7462 24
7463 18
7464 24
7465 34
7466 24
7467 2
7468 4
7469 8
7470 11
7471 11
7472 11
7473 11
7474 7
7475 31
7476 21
7477 2
7478 11
7479 25
7480 20
7481 15
7482 2
7483 5
7484 11
7485 18
7486 26
7487 17
7488 31
7489 32
7490 11
7491 7
7492 22
7493 3
7494 24
7495 28
7496 11
7497 24
7498 11
7499 31
7500 2
7501 32
7502 6
7503 13
7504 24
7505 23
7506 11
7507 31
7508 24
7509 2
7510 31
7511 18
7512 12
7513 32
7514 20
7515 11
7516 14
7517 11
7518 31
7519 31
7520 11
7521 16
7522 14
7523 28
7524 24
7525 16
7526 4
7527 28
7528 31
7529 31
7530 11
7531 31
7532 24
7533 11
7534 24
7535 11
7536 22
7537 11
7538 31
7539 28
7540 11
7541 20
7542 11
7543 24
7544 11
7545 11
7546 31
7547 17
7548 12
7549 32
7550 2
7551 2
7552 12
7553 6
7554 31
7555 12
7556 4
7557 2
7558 24
7559 31
7560 18
7561 17
7562 25
7563 12
7564 2
7565 2
7566 17
7567 14
7568 28
7569 13
7570 34
7571 24
7572 35
7573 12
7574 12
7575 15
7576 31
7577 31
7578 2
7579 27
7580 23
7581 10
7582 22
7583 12
7584 12
7585 12
7586 5
7587 6
7588 18
7589 18
7590 26
7591 24
7592 12
7593 27
7594 2
7595 2
7596 12
7597 27
7598 2
7599 6
7600 2
7601 31
7602 28
7603 27
7604 12
7605 34
7606 28
7607 14
7608 22
7609 32
7610 12
7611 11
7612 21
7613 31
7614 35
7615 9
7616 24
7617 24
7618 31
7619 12
7620 17
7621 24
7622 8
7623 24
7624 24
7625 31
7626 24
7627 12
7628 6
7629 31
7630 27
7631 12
7632 24
7633 15
7634 35
7635 12
7636 24
7637 13
7638 14
7639 23
7640 24
7641 24
7642 28
7643 25
7644 10
7645 31
7646 7
7647 18
7648 24
7649 24
7650 26
7651 24
7652 9
7653 23
7654 17
7655 6
7656 31
7657 31
7658 3
7659 24
7660 31
7661 42
7662 24
7663 2
7664 10
7665 29
7666 33
7667 25
7668 31
7669 2
7670 31
7671 12
7672 34
7673 2
7674 22
7675 16
7676 11
7677 29
7678 27
7679 12
7680 24
7681 31
7682 2
7683 24
7684 12
7685 24
7686 24
7687 18
7688 31
7689 29
7690 24
7691 12
7692 20
7693 31
7694 31
7695 24
7696 2
7697 19
7698 11
7699 24
7700 2
7701 12
7702 24
7703 33
7704 24
7705 3
7706 24
7707 21
7708 34
7709 26
7710 19
7711 27
7712 7
7713 4
7714 2
7715 24
7716 2
7717 12
7718 27
7719 12
7720 19
7721 31
7722 33
7723 31
7724 12
7725 12
7726 29
7727 12
7728 12
7729 2
7730 26
7731 24
7732 2
7733 39
7734 12
7735 12
7736 12
7737 25
7738 22
7739 12
7740 24
7741 15
7742 9
7743 12
7744 21
7745 30
7746 16
7747 29
7748 16
7749 30
7750 34
7751 22
7752 33
7753 3
7754 12
7755 30
7756 12
7757 24
7758 24
7759 2
7760 7
7761 24
7762 24
7763 2
7764 12
7765 29
7766 12
7767 24
7768 17
7769 12
7770 24
7771 42
7772 31
7773 30
7774 32
7775 12
7776 27
7777 23
7778 34
7779 2
7780 23
7781 24
7782 14
7783 35
7784 29
7785 9
7786 24
7787 12
7788 12
7789 12
7790 12
7791 18
7792 35
7793 13
7794 22
7795 32
7796 31
7797 12
7798 12
7799 12
7800 14
7801 15
7802 27
7803 12
7804 2
7805 24
7806 17
7807 3
7808 5
7809 34
7810 12
7811 12
7812 32
7813 12
7814 42
7815 31
7816 14
7817 12
7818 26
7819 32
7820 24
7821 12
7822 15
7823 12
7824 34
7825 29
7826 24
7827 12
7828 24
7829 19
7830 24
7831 21
7832 22
7833 41
7834 19
7835 22
7836 11
7837 31
7838 12
7839 14
7840 11
7841 12
7842 34
7843 15
7844 24
7845 35
7846 12
7847 21
7848 20
7849 41
7850 27
7851 5
7852 25
7853 24
7854 31
7855 34
7856 2
7857 30
7858 12
7859 12
7860 2
7861 32
7862 12
7863 13
7864 23
7865 25
7866 34
7867 17
7868 2
7869 32
7870 25
7871 12
7872 3
7873 12
7874 2
7875 32
7876 12
7877 26
7878 2
7879 17
7880 7
7881 32
7882 2
7883 2
7884 10
7885 11
7886 34
7887 29
7888 21
7889 32
7890 12
7891 25
7892 32
7893 26
7894 32
7895 20
7896 8
7897 12
7898 16
7899 31
7900 32
7901 19
7902 25
7903 32
7904 7
7905 12
7906 12
7907 13
7908 12
7909 21
7910 4
7911 32
7912 12
7913 12
7914 32
7915 32
7916 25
7917 32
7918 34
7919 25
7920 16
7921 12
7922 10
7923 10
7924 25
7925 33
7926 21
7927 30
7928 25
7929 32
7930 12
7931 30
7932 25
7933 32
7934 30
7935 17
7936 15
7937 25
7938 35
7939 24
7940 2
7941 28
7942 16
7943 12
7944 2
7945 9
7946 35
7947 31
7948 7
7949 23
7950 32
7951 12
7952 8
7953 25
7954 2
7955 22
7956 32
7957 25
7958 25
7959 30
7960 12
7961 2
7962 12
7963 25
7964 14
7965 20
7966 5
7967 25
7968 29
7969 4
7970 23
7971 12
7972 6
7973 32
7974 12
7975 2
7976 12
7977 33
7978 35
7979 25
7980 25
7981 12
7982 10
7983 25
7984 24
7985 9
7986 7
7987 32
7988 25
7989 5
7990 19
7991 12
7992 4
7993 20
7994 25
7995 3
7996 23
7997 25
7998 25
7999 11
8000 25
8001 32
8002 34
8003 12
8004 35
8005 30
8006 21
8007 2
8008 2
8009 3
8010 32
8011 25
8012 28
8013 16
8014 2
8015 11
8016 42
8017 12
8018 14
8019 2
8020 12
8021 6
8022 35
8023 31
8024 25
8025 25
8026 34
8027 12
8028 34
8029 35
8030 6
8031 6
8032 28
8033 17
8034 12
8035 30
8036 12
8037 35
8038 32
8039 2
8040 2
8041 27
8042 12
8043 19
8044 25
8045 20
8046 12
8047 23
8048 30
8049 25
8050 2
8051 23
8052 24
8053 25
8054 25
8055 26
8056 32
8057 12
8058 18
8059 4
8060 12
8061 25
8062 31
8063 35
8064 34
8065 11
8066 25
8067 27
8068 17
8069 12
8070 25
8071 2
8072 19
8073 16
8074 25
8075 15
8076 18
8077 32
8078 25
8079 28
8080 12
8081 12
8082 12
8083 9
8084 6
8085 23
8086 22
8087 11
8088 12
8089 25
8090 12
8091 32
8092 25
8093 10
8094 25
8095 32
8096 25
8097 25
8098 12
8099 12
8100 24
8101 2
8102 27
8103 27
8104 21
8105 25
8106 32
8107 8
8108 32
8109 12
8110 31
8111 25
8112 32
8113 21
8114 32
8115 33
8116 32
8117 2
8118 25
8119 25
8120 2
8121 25
8122 3
8123 12
8124 32
8125 6
8126 25
8127 25
8128 11
8129 3
8130 34
8131 2
8132 2
8133 34
8134 19
8135 32
8136 34
8137 27
8138 2
8139 16
8140 31
8141 12
8142 25
8143 12
8144 10
8145 20
8146 30
8147 14
8148 27
8149 12
8150 18
8151 12
8152 27
8153 22
8154 2
8155 2
8156 22
8157 2
8158 12
8159 16
8160 25
8161 9
8162 4
8163 14
8164 11
8165 34
8166 2
8167 33
8168 32
8169 8
8170 17
8171 2
8172 5
8173 27
8174 11
8175 25
8176 26
8177 25
8178 12
8179 23
8180 35
8181 21
8182 25
8183 18
8184 12
8185 12
8186 19
8187 32
8188 34
8189 4
8190 12
8191 17
8192 2
8193 32
8194 25
8195 32
8196 34
8197 12
8198 11
8199 25
8200 15
8201 32
8202 13
8203 25
8204 5
8205 32
8206 22
8207 12
8208 9
8209 25
8210 31
8211 12
8212 26
8213 8
8214 8
8215 6
8216 12
8217 26
8218 20
8219 14
8220 30
8221 19
8222 2
8223 31
8224 25
8225 25
8226 33
8227 28
8228 25
8229 5
8230 12
8231 12
8232 26
8233 12
8234 4
8235 21
8236 24
8237 29
8238 34
8239 20
8240 21
8241 32
8242 16
8243 5
8244 11
8245 12
8246 25
8247 25
8248 34
8249 19
8250 12
8251 28
8252 32
8253 34
8254 7
8255 24
8256 28
8257 25
8258 25
8259 14
8260 28
8261 12
8262 12
8263 12
8264 13
8265 2
8266 25
8267 25
8268 12
8269 7
8270 3
8271 14
8272 33
8273 27
8274 22
8275 8
8276 32
8277 25
8278 2
8279 32
8280 34
8281 12
8282 24
8283 8
8284 25
8285 2
8286 18
8287 33
8288 32
8289 24
8290 32
8291 12
8292 25
8293 12
8294 26
8295 21
8296 32
8297 25
8298 35
8299 25
8300 12
8301 21
8302 12
8303 25
8304 14
8305 33
8306 28
8307 15
8308 25
8309 12
8310 13
8311 12
8312 21
8313 2
8314 2
8315 2
8316 12
8317 16
8318 2
8319 13
8320 12
8321 25
8322 16
8323 25
8324 2
8325 24
8326 2
8327 12
8328 12
8329 6
8330 12
8331 7
8332 2
8333 25
8334 12
8335 28
8336 34
8337 25
8338 25
8339 25
8340 25
8341 2
8342 32
8343 2
8344 25
8345 31
8346 32
8347 30
8348 32
8349 24
8350 23
8351 32
8352 32
8353 12
8354 25
8355 7
8356 12
8357 28
8358 7
8359 12
8360 10
8361 25
8362 12
8363 3
8364 25
8365 24
8366 12
8367 12
8368 28
8369 30
8370 2
8371 34
8372 6
8373 25
8374 32
8375 20
8376 2
8377 25
8378 12
8379 14
8380 33
8381 17
8382 25
8383 12
8384 25
8385 16
8386 6
8387 25
8388 12
8389 25
8390 2
8391 24
8392 25
8393 25
8394 9
8395 27
8396 31
8397 25
8398 25
8399 12
8400 15
8401 2
8402 23
8403 34
8404 10
8405 32
8406 12
8407 25
8408 25
8409 32
8410 32
8411 18
8412 12
8413 23
8414 25
8415 32
8416 30
8417 32
8418 12
8419 25
8420 22
8421 25
8422 25
8423 25
8424 26
8425 18
8426 25
8427 11
8428 9
8429 13
8430 33
8431 17
8432 22
8433 30
8434 16
8435 12
8436 2
8437 32
8438 32
8439 32
8440 32
8441 13
8442 26
8443 13
8444 25
8445 28
8446 12
8447 13
8448 13
8449 29
8450 18
8451 18
8452 2
8453 25
8454 28
8455 15
8456 15
8457 32
8458 31
8459 15
8460 13
8461 13
8462 16
8463 15
8464 25
8465 20
8466 13
8467 2
8468 13
8469 33
8470 2
8471 20
8472 25
8473 25
8474 27
8475 20
8476 13
8477 18
8478 26
8479 2
8480 23
8481 25
8482 23
8483 12
8484 35
8485 34
8486 2
8487 25
8488 13
8489 12
8490 2
8491 32
8492 7
8493 6
8494 26
8495 18
8496 26
8497 13
8498 2
8499 31
8500 13
8501 13
8502 10
8503 29
8504 32
8505 13
8506 14
8507 26
8508 28
8509 17
8510 2
8511 13
8512 13
8513 13
8514 28
8515 23
8516 13
8517 18
8518 36
8519 13
8520 18
8521 2
8522 13
8523 11
8524 13
8525 13
8526 28
8527 22
8528 12
8529 26
8530 2
8531 2
8532 13
8533 13
8534 9
8535 33
8536 32
8537 26
8538 21
8539 33
8540 32
8541 18
8542 24
8543 34
8544 25
8545 34
8546 26
8547 13
8548 24
8549 22
8550 2
8551 32
8552 26
8553 30
8554 32
8555 25
8556 15
8557 23
8558 26
8559 17
8560 26
8561 13
8562 32
8563 21
8564 13
8565 11
8566 6
8567 32
8568 13
8569 32
8570 34
8571 20
8572 13
8573 26
8574 23
8575 24
8576 9
8577 32
8578 13
8579 32
8580 34
8581 26
8582 13
8583 13
8584 30
8585 34
8586 13
8587 18
8588 16
8589 32
8590 27
8591 34
8592 13
8593 4
8594 26
8595 13
8596 32
8597 13
8598 26
8599 2
8600 20
8601 13
8602 26
8603 18
8604 7
8605 20
8606 13
8607 2
8608 34
8609 26
8610 2
8611 2
8612 5
8613 13
8614 23
8615 13
8616 24
8617 26
8618 32
8619 9
8620 7
8621 22
8622 32
8623 2
8624 26
8625 25
8626 25
8627 23
8628 30
8629 26
8630 19
8631 26
8632 11
8633 32
8634 26
8635 26
8636 32
8637 26
8638 13
8639 2
8640 2
8641 13
8642 29
8643 32
8644 13
8645 13
8646 13
8647 2
8648 26
8649 14
8650 3
8651 2
8652 30
8653 13
8654 13
8655 17
8656 2
8657 13
8658 32
8659 2
8660 2
8661 13
8662 2
8663 30
8664 30
8665 21
8666 13
8667 16
8668 32
8669 3
8670 13
8671 13
8672 13
8673 6
8674 26
8675 26
8676 2
8677 12
8678 16
8679 13
8680 24
8681 17
8682 19
8683 26
8684 2
8685 13
8686 2
8687 13
8688 29
8689 13
8690 2
8691 26
8692 16
8693 13
8694 13
8695 24
8696 24
8697 29
8698 26
8699 26
8700 26
8701 23
8702 29
8703 30
8704 13
8705 10
8706 10
8707 5
8708 2
8709 13
8710 29
8711 32
8712 35
8713 23
8714 32
8715 14
8716 26
8717 3
8718 13
8719 14
8720 4
8721 24
8722 26
8723 13
8724 32
8725 34
8726 2
8727 26
8728 9
8729 42
8730 14
8731 24
8732 2
8733 7
8734 32
8735 12
8736 18
8737 13
8738 26
8739 13
8740 2
8741 2
8742 4
8743 26
8744 26
8745 10
8746 6
8747 34
8748 26
8749 12
8750 24
8751 13
8752 26
8753 4
8754 13
8755 9
8756 29
8757 8
8758 28
8759 2
8760 26
8761 13
8762 26
8763 13
8764 31
8765 13
8766 32
8767 28
8768 26
8769 20
8770 13
8771 12
8772 18
8773 2
8774 32
8775 9
8776 2
8777 8
8778 13
8779 33
8780 35
8781 11
8782 32
8783 2
8784 32
8785 13
8786 13
8787 14
8788 26
8789 13
8790 2
8791 13
8792 29
8793 13
8794 8
8795 13
8796 32
8797 4
8798 16
8799 13
8800 34
8801 13
8802 2
8803 26
8804 13
8805 13
8806 32
8807 30
8808 13
8809 26
8810 13
8811 17
8812 10
8813 33
8814 35
8815 6
8816 24
8817 23
8818 13
8819 26
8820 22
8821 25
8822 32
8823 20
8824 20
8825 7
8826 2
8827 26
8828 30
8829 34
8830 28
8831 26
8832 4
8833 2
8834 12
8835 29
8836 13
8837 26
8838 13
8839 33
8840 13
8841 33
8842 13
8843 13
8844 13
8845 25
8846 32
8847 13
8848 22
8849 20
8850 24
8851 9
8852 13
8853 26
8854 10
8855 6
8856 3
8857 2
8858 13
8859 26
8860 13
8861 9
8862 26
8863 29
8864 28
8865 19
8866 17
8867 2
8868 32
8869 9
8870 2
8871 28
8872 7
8873 28
8874 21
8875 20
8876 6
8877 13
8878 26
8879 5
8880 28
8881 26
8882 30
8883 33
8884 35
8885 13
8886 3
8887 26
8888 11
8889 13
8890 33
8891 2
8892 2
8893 7
8894 6
8895 26
8896 9
8897 31
8898 13
8899 5
8900 26
8901 13
8902 26
8903 33
8904 13
8905 26
8906 7
8907 26
8908 35
8909 11
8910 26
8911 12
8912 19
8913 11
8914 31
8915 39
8916 2
8917 24
8918 32
8919 19
8920 26
8921 2
8922 4
8923 22
8924 2
8925 4
8926 24
8927 13
8928 33
8929 35
8930 13
8931 26
8932 13
8933 2
8934 3
8935 27
8936 13
8937 6
8938 26
8939 13
8940 5
8941 2
8942 30
8943 26
8944 13
8945 30
8946 5
8947 30
8948 27
8949 13
8950 33
8951 29
8952 15
8953 16
8954 13
8955 26
8956 22
8957 23
8958 35
8959 22
8960 31
8961 26
8962 26
8963 26
8964 13
8965 26
8966 13
8967 16
8968 31
8969 13
8970 23
8971 16
8972 13
8973 10
8974 13
8975 13
8976 33
8977 29
8978 9
8979 33
8980 13
8981 15
8982 32
8983 33
8984 25
8985 20
8986 13
8987 8
8988 16
8989 30
8990 26
8991 33
8992 26
8993 20
8994 33
8995 35
8996 13
8997 13
8998 2
8999 26
9000 13
9001 16
9002 33
9003 2
9004 28
9005 26
9006 2
9007 2
9008 33
9009 11
9010 26
9011 4
9012 22
9013 2
9014 26
9015 26
9016 26
9017 26
9018 33
9019 14
9020 19
9021 26
9022 26
9023 15
9024 2
9025 2
9026 35
9027 13
9028 6
9029 12
9030 5
9031 33
9032 5
9033 2
9034 12
9035 25
9036 33
9037 2
9038 33
9039 13
9040 18
9041 15
9042 13
9043 2
9044 13
9045 41
9046 33
9047 29
9048 13
9049 13
9050 31
9051 9
9052 4
9053 23
9054 33
9055 26
9056 13
9057 4
9058 35
9059 2
9060 21
9061 8
9062 26
9063 13
9064 26
9065 13
9066 13
9067 7
9068 13
9069 13
9070 32
9071 26
9072 26
9073 14
9074 33
9075 33
9076 26
9077 13
9078 2
9079 32
9080 29
9081 33
9082 26
9083 13
9084 28
9085 2
9086 33
9087 12
9088 26
9089 27
9090 16
9091 31
9092 5
9093 26
9094 25
9095 26
9096 13
9097 19
9098 33
9099 21
9100 13
9101 25
9102 13
9103 26
9104 8
9105 5
9106 29
9107 21
9108 29
9109 26
9110 2
9111 26
9112 33
9113 4
9114 13
9115 11
9116 26
9117 10
9118 26
9119 33
9120 13
9121 35
9122 2
9123 35
9124 35
9125 16
9126 20
9127 11
9128 2
9129 13
9130 26
9131 33
9132 2
9133 34
9134 13
9135 26
9136 35
9137 11
9138 18
9139 2
9140 2
9141 14
9142 14
9143 7
9144 14
9145 14
9146 2
9147 21
9148 26
9149 14
9150 23
9151 33
9152 26
9153 27
9154 25
9155 35
9156 2
9157 2
9158 16
9159 23
9160 14
9161 26
9162 26
9163 18
9164 18
9165 26
9166 14
9167 2
9168 30
9169 29
9170 16
9171 34
9172 27
9173 14
9174 35
9175 27
9176 2
9177 27
9178 24
9179 33
9180 9
9181 2
9182 32
9183 31
9184 33
9185 25
9186 27
9187 2
9188 2
9189 24
9190 19
9191 26
9192 25
9193 14
9194 33
9195 27
9196 18
9197 6
9198 24
9199 33
9200 14
9201 32
9202 35
9203 21
9204 32
9205 2
9206 13
9207 20
9208 12
9209 27
9210 14
9211 27
9212 35
9213 20
9214 27
9215 14
9216 14
9217 14
9218 34
9219 23
9220 6
9221 14
9222 33
9223 14
9224 8
9225 14
9226 27
9227 2
9228 33
9229 21
9230 8
9231 19
9232 20
9233 27
9234 35
9235 33
9236 14
9237 33
9238 27
9239 26
9240 33
9241 14
9242 17
9243 14
9244 3
9245 33
9246 27
9247 27
9248 15
9249 10
9250 14
9251 31
9252 35
9253 27
9254 27
9255 18
9256 18
9257 14
9258 7
9259 23
9260 27
9261 26
9262 14
9263 33
9264 15
9265 14
9266 31
9267 35
9268 27
9269 25
9270 17
9271 33
9272 19
9273 33
9274 14
9275 14
9276 27
9277 4
9278 2
9279 2
9280 14
9281 33
9282 19
9283 17
9284 12
9285 27
9286 2
9287 26
9288 33
9289 14
9290 16
9291 27
9292 5
9293 33
9294 33
9295 9
9296 11
9297 12
9298 22
9299 16
9300 27
9301 2
9302 14
9303 5
9304 30
9305 33
9306 35
9307 33
9308 16
9309 14
9310 20
9311 2
9312 18
9313 35
9314 14
9315 23
9316 27
9317 2
9318 15
9319 33
9320 14
9321 27
9322 3
9323 27
9324 14
9325 33
9326 13
9327 33
9328 22
9329 35
9330 33
9331 14
9332 8
9333 8
9334 35
9335 33
9336 18
9337 16
9338 14
9339 32
9340 31
9341 32
9342 27
9343 8
9344 2
9345 14
9346 5
9347 15
9348 35
9349 26
9350 27
9351 6
9352 33
9353 22
9354 32
9355 14
9356 27
9357 27
9358 14
9359 5
9360 33
9361 33
9362 34
9363 18
9364 14
9365 1
9366 14
9367 27
9368 27
9369 22
9370 16
9371 2
9372 2
9373 2
9374 9
9375 14
9376 33
9377 33
9378 11
9379 32
9380 14
9381 33
9382 17
9383 27
9384 27
9385 33
9386 21
9387 14
9388 24
9389 19
9390 9
9391 27
9392 27
9393 14
9394 27
9395 2
9396 29
9397 27
9398 33
9399 27
9400 8
9401 14
9402 2
9403 10
9404 14
9405 23
9406 12
9407 2
9408 22
9409 23
9410 2
9411 14
9412 35
9413 2
9414 25
9415 14
9416 11
9417 27
9418 27
9419 27
9420 35
9421 21
9422 4
9423 14
9424 2
9425 35
9426 2
9427 26
9428 14
9429 20
9430 6
9431 19
9432 27
9433 5
9434 14
9435 4
9436 34
9437 27
9438 30
9439 33
9440 8
9441 35
9442 33
9443 27
9444 28
9445 32
9446 14
9447 15
9448 14
9449 27
9450 27
9451 33
9452 35
9453 17
9454 5
9455 8
9456 6
9457 22
9458 28
9459 23
9460 35
9461 29
9462 22
9463 38
9464 14
9465 30
9466 27
9467 13
9468 27
9469 2
9470 27
9471 33
9472 16
9473 33
9474 35
9475 20
9476 8
9477 27
9478 16
9479 27
9480 14
9481 14
9482 34
9483 22
9484 33
9485 14
9486 28
9487 32
9488 12
9489 2
9490 14
9491 5
9492 32
9493 34
9494 23
9495 14
9496 14
9497 27
9498 34
9499 2
9500 35
9501 14
9502 2
9503 14
9504 2
9505 21
9506 35
9507 14
9508 2
9509 22
9510 33
9511 14
9512 20
9513 0
9514 27
9515 12
9516 29
9517 14
9518 6
9519 20
9520 14
9521 34
9522 12
9523 19
9524 27
9525 12
9526 2
9527 15
9528 27
9529 27
9530 14
9531 2
9532 33
9533 14
9534 33
9535 20
9536 2
9537 4
9538 14
9539 24
9540 27
9541 28
9542 16
9543 10
9544 19
9545 14
9546 27
9547 27
9548 14
9549 27
9550 14
9551 14
9552 14
9553 5
9554 14
9555 6
9556 13
9557 8
9558 2
9559 14
9560 2
9561 3
9562 27
9563 35
9564 7
9565 2
9566 27
9567 2
9568 11
9569 2
9570 27
9571 18
9572 33
9573 27
9574 3
9575 27
9576 22
9577 14
9578 27
9579 27
9580 17
9581 14
9582 25
9583 27
9584 30
9585 19
9586 5
9587 17
9588 2
9589 35
9590 27
9591 3
9592 30
9593 3
9594 27
9595 20
9596 14
9597 22
9598 33
9599 3
9600 27
9601 3
9602 3
9603 25
9604 3
9605 29
9606 14
9607 27
9608 9
9609 17
9610 3
9611 3
9612 17
9613 25
9614 16
9615 15
9616 14
9617 30
9618 33
9619 34
9620 24
9621 22
9622 33
9623 22
9624 27
9625 14
9626 33
9627 16
9628 27
9629 30
9630 35
9631 6
9632 27
9633 3
9634 35
9635 14
9636 32
9637 34
9638 33
9639 9
9640 23
9641 14
9642 20
9643 22
9644 3
9645 3
9646 6
9647 27
9648 22
9649 17
9650 4
9651 33
9652 8
9653 14
9654 3
9655 27
9656 3
9657 16
9658 15
9659 14
9660 3
9661 9
9662 14
9663 18
9664 14
9665 6
9666 3
9667 25
9668 25
9669 12
9670 14
9671 13
9672 14
9673 13
9674 24
9675 14
9676 33
9677 32
9678 29
9679 27
9680 8
9681 14
9682 27
9683 33
9684 13
9685 27
9686 33
9687 27
9688 33
9689 14
9690 14
9691 3
9692 6
9693 35
9694 22
9695 4
9696 28
9697 15
9698 14
9699 27
9700 15
9701 27
9702 13
9703 27
9704 14
9705 33
9706 3
9707 32
9708 18
9709 3
9710 29
9711 26
9712 35
9713 33
9714 25
9715 15
9716 14
9717 32
9718 33
9719 34
9720 14
9721 33
9722 27
9723 28
9724 27
9725 3
9726 33
9727 27
9728 11
9729 27
9730 3
9731 27
9732 3
9733 24
9734 33
9735 14
9736 33
9737 3
9738 3
9739 31
9740 31
9741 16
9742 33
9743 14
9744 27
9745 29
9746 3
9747 24
9748 6
9749 20
9750 27
9751 35
9752 27
9753 6
9754 33
9755 25
9756 12
9757 33
9758 12
9759 14
9760 27
9761 33
9762 19
9763 33
9764 14
9765 27
9766 3
9767 23
9768 35
9769 10
9770 20
9771 14
9772 27
9773 14
9774 4
9775 26
9776 14
9777 14
9778 8
9779 13
9780 4
9781 35
9782 7
9783 3
9784 27
9785 33
9786 18
9787 3
9788 11
9789 15
9790 33
9791 33
9792 4
9793 33
9794 31
9795 17
9796 14
9797 14
9798 7
9799 25
9800 14
9801 33
9802 14
9803 3
9804 35
9805 4
9806 14
9807 33
9808 9
9809 21
9810 3
9811 25
9812 4
9813 14
9814 33
9815 8
9816 27
9817 31
9818 3
9819 14
9820 28
9821 27
9822 14
9823 14
9824 14
9825 27
9826 33
9827 3
9828 14
9829 14
9830 27
9831 11
9832 19
9833 17
9834 17
9835 3
9836 35
9837 27
9838 14
9839 26
9840 16
9841 14
9842 15
9843 19
9844 17
9845 26
9846 27
9847 27
9848 14
9849 27
9850 35
9851 27
9852 3
9853 33
9854 27
9855 10
9856 5
9857 14
9858 14
9859 14
9860 23
9861 29
9862 13
9863 14
9864 14
9865 3
9866 14
9867 14
9868 33
9869 15
9870 19
9871 10
9872 17
9873 12
9874 7
9875 33
9876 14
9877 29
9878 35
9879 29
9880 35
9881 14
9882 14
9883 20
9884 33
9885 33
9886 27
9887 33
9888 14
9889 22
9890 27
9891 20
9892 28
9893 14
9894 14
9895 33
9896 27
9897 3
9898 22
9899 29
9900 27
9901 26
9902 30
9903 33
9904 33
9905 8
9906 13
9907 33
9908 3
9909 35
9910 14
9911 32
9912 33
9913 14
9914 15
9915 29
9916 15
9917 33
9918 17
9919 14
9920 3
9921 27
9922 3
9923 14
9924 34
9925 14
9926 22
9927 3
9928 16
9929 20
9930 24
9931 27
9932 22
9933 27
9934 14
9935 17
9936 27
9937 27
9938 13
9939 33
9940 15
9941 17
9942 27
9943 34
9944 30
9945 27
9946 3
9947 15
9948 3
9949 10
9950 33
9951 14
9952 14
9953 7
9954 16
9955 35
9956 30
9957 3
9958 3
9959 33
9960 3
9961 21
9962 14
9963 14
9964 20
9965 4
9966 24
9967 4
9968 18
9969 35
9970 33
9971 30
9972 22
9973 19
9974 14
9975 3
9976 7
9977 19
9978 11
9979 6
9980 31
9981 14
9982 28
9983 21
9984 28
9985 29
9986 15
9987 13
9988 3
9989 21
9990 32
9991 24
9992 28
9993 3
9994 3
9995 5
9996 11
9997 32
9998 15
9999 28
