0 12
1 27
2 33
3 33
4 18
5 5
6 33
7 26
8 0
9 15
10 10
11 0
12 18
13 13
14 32
15 36
16 29
17 17
18 8
19 19
20 34
21 21
22 6
23 1
24 0
25 4
26 26
27 27
28 12
29 36
30 30
31 5
32 17
33 36
34 16
35 34
36 36
37 37
38 38
39 39
40 40
41 40
42 39
43 35
44 30
45 40
46 15
47 18
48 30
49 28
50 2
51 35
52 12
53 12
54 1
55 37
56 23
57 29
58 5
59 12
60 30
61 40
62 5
63 8
64 38
65 0
66 32
67 32
68 40
69 4
70 7
71 42
72 36
73 38
74 42
75 8
76 39
77 34
78 39
79 5
80 26
81 6
82 38
83 41
84 33
85 17
86 10
87 36
88 8
89 18
90 29
91 6
92 14
93 23
94 35
95 21
96 1
97 40
98 19
99 33
100 17
101 4
102 42
103 36
104 6
105 32
106 1
107 30
108 32
109 21
110 18
111 41
112 12
113 40
114 27
115 5
116 32
117 18
118 18
119 7
120 19
121 22
122 0
123 41
124 2
125 30
126 29
127 19
128 18
129 4
130 17
131 6
132 37
133 23
134 15
135 30
136 32
137 28
138 30
139 33
140 41
141 4
142 6
143 18
144 24
145 41
146 34
147 41
148 19
149 42
150 2
151 33
152 31
153 39
154 32
155 42
156 22
157 10
158 15
159 29
160 15
161 34
162 16
163 12
164 33
165 42
166 39
167 38
168 32
169 24
170 23
171 8
172 10
173 36
174 6
175 28
176 34
177 2
178 32
179 36
180 4
181 41
182 4
183 17
184 23
185 36
186 20
187 6
188 26
189 10
190 20
191 12
192 24
193 34
194 30
195 15
196 29
197 29
198 2
199 10
200 13
201 35
202 35
203 33
204 36
205 39
206 6
207 5
208 33
209 32
210 39
211 39
212 31
213 7
214 17
215 19
216 2
217 34
218 30
219 34
220 4
221 16
222 1
223 42
224 6
225 4
226 28
227 8
228 41
229 2
230 32
231 19
232 37
233 11
234 37
235 18
236 26
237 39
238 41
239 40
240 10
241 31
242 2
243 37
244 5
245 26
246 6
247 32
248 31
249 7
250 8
251 19
252 37
253 39
254 8
255 32
256 2
257 0
258 34
259 12
260 29
261 29
262 39
263 33
264 7
265 0
266 34
267 27
268 29
269 17
270 16
271 37
272 41
273 20
274 10
275 35
276 0
277 36
278 15
279 31
280 4
281 31
282 42
283 5
284 19
285 10
286 17
287 7
288 35
289 35
290 26
291 23
292 39
293 6
294 2
295 23
296 39
297 35
298 6
299 12
300 20
301 22
302 36
303 7
304 6
305 7
306 10
307 29
308 8
309 6
310 32
311 29
312 9
313 26
314 15
315 1
316 31
317 35
318 26
319 42
320 35
321 15
322 12
323 4
324 5
325 0
326 7
327 10
328 3
329 17
330 22
331 35
332 18
333 30
334 20
335 34
336 12
337 40
338 36
339 41
340 21
341 17
342 38
343 6
344 39
345 42
346 5
347 37
348 5
349 10
350 4
351 10
352 36
353 15
354 10
355 5
356 22
357 30
358 26
359 8
360 37
361 2
362 23
363 0
364 18
365 34
366 16
367 35
368 7
369 10
370 18
371 19
372 31
373 38
374 35
375 31
376 31
377 15
378 29
379 41
380 33
381 31
382 31
383 6
384 40
385 24
386 8
387 5
388 17
389 8
390 36
391 8
392 26
393 32
394 7
395 13
396 5
397 37
398 17
399 7
400 23
401 19
402 15
403 28
404 17
405 38
406 4
407 0
408 22
409 40
410 21
411 15
412 6
413 42
414 0
415 7
416 7
417 39
418 17
419 29
420 1
421 41
422 17
423 15
424 0
425 32
426 14
427 12
428 32
429 8
430 37
431 36
432 40
433 36
434 7
435 29
436 36
437 18
438 13
439 17
440 29
441 31
442 12
443 33
444 40
445 40
446 15
447 35
448 20
449 34
450 2
451 7
452 26
453 30
454 31
455 24
456 4
457 18
458 33
459 18
460 5
461 38
462 29
463 1
464 36
465 2
466 2
467 8
468 0
469 23
470 20
471 20
472 5
473 36
474 34
475 42
476 12
477 41
478 30
479 38
480 26
481 29
482 1
483 1
484 2
485 15
486 8
487 31
488 40
489 28
490 31
491 12
492 8
493 12
494 18
495 26
496 34
497 21
498 35
499 18
500 28
501 41
502 4
503 20
504 15
505 21
506 34
507 10
508 7
509 13
510 34
511 2
512 12
513 10
514 10
515 26
516 33
517 33
518 19
519 16
520 22
521 21
522 30
523 26
524 4
525 28
526 21
527 16
528 8
529 18
530 38
531 18
532 32
533 6
534 7
535 21
536 39
537 4
538 34
539 6
540 7
541 3
542 16
543 37
544 11
545 37
546 12
547 41
548 10
549 19
550 8
551 11
552 28
553 34
554 26
555 1
556 31
557 37
558 34
559 18
560 15
561 33
562 12
563 1
564 13
565 0
566 38
567 36
568 0
569 9
570 17
571 31
572 41
573 23
574 5
575 31
576 19
577 32
578 0
579 15
580 23
581 16
582 23
583 42
584 6
585 4
586 28
587 24
588 29
589 15
590 31
591 13
592 38
593 9
594 29
595 38
596 21
597 32
598 40
599 26
600 29
601 39
602 6
603 1
604 29
605 40
606 1
607 30
608 26
609 15
610 4
611 17
612 38
613 10
614 7
615 33
616 6
617 32
618 16
619 10
620 4
621 42
622 41
623 10
624 10
625 42
626 33
627 30
628 19
629 5
630 29
631 0
632 41
633 42
634 42
635 9
636 36
637 40
638 1
639 21
640 22
641 13
642 23
643 40
644 22
645 8
646 22
647 10
648 40
649 35
650 22
651 0
652 39
653 14
654 38
655 42
656 19
657 37
658 2
659 42
660 15
661 25
662 31
663 40
664 4
665 37
666 0
667 17
668 2
669 1
670 0
671 7
672 4
673 12
674 18
675 7
676 4
677 21
678 1
679 42
680 0
681 5
682 10
683 12
684 40
685 19
686 31
687 35
688 28
689 21
690 14
691 30
692 1
693 30
694 38
695 33
696 22
697 30
698 2
699 18
700 38
701 42
702 41
703 16
704 42
705 34
706 21
707 8
708 4
709 31
710 41
711 17
712 38
713 37
714 18
715 40
716 28
717 32
718 2
719 38
720 4
721 34
722 1
723 28
724 17
725 17
726 2
727 30
728 37
729 40
730 37
731 4
732 36
733 39
734 8
735 6
736 12
737 12
738 1
739 2
740 1
741 2
742 13
743 16
744 39
745 41
746 0
747 1
748 19
749 7
750 22
751 8
752 0
753 4
754 0
755 12
756 21
757 6
758 26
759 1
760 35
761 1
762 36
763 32
764 37
765 14
766 12
767 5
768 0
769 26
770 17
771 4
772 35
773 6
774 38
775 18
776 5
777 40
778 16
779 2
780 5
781 40
782 7
783 14
784 37
785 28
786 15
787 19
788 21
789 13
790 31
791 26
792 2
793 6
794 38
795 35
796 38
797 10
798 26
799 29
800 1
801 19
802 42
803 19
804 39
805 40
806 8
807 0
808 28
809 4
810 38
811 37
812 5
813 41
814 7
815 38
816 7
817 38
818 41
819 38
820 15
821 38
822 7
823 15
824 37
825 8
826 39
827 0
828 39
829 37
830 32
831 12
832 7
833 36
834 39
835 8
836 42
837 15
838 9
839 35
840 36
841 26
842 22
843 23
844 5
845 16
846 34
847 34
848 22
849 34
850 8
851 36
852 35
853 34
854 17
855 12
856 12
857 41
858 26
859 0
860 2
861 40
862 36
863 17
864 17
865 21
866 10
867 29
868 30
869 7
870 34
871 1
872 32
873 35
874 2
875 17
876 5
877 33
878 41
879 41
880 33
881 18
882 33
883 11
884 18
885 39
886 33
887 10
888 26
889 33
890 33
891 39
892 19
893 1
894 3
895 33
896 33
897 33
898 10
899 6
900 22
901 41
902 32
903 32
904 37
905 1
906 1
907 19
908 18
909 6
910 32
911 5
912 18
913 39
914 42
915 5
916 42
917 35
918 37
919 1
920 32
921 23
922 15
923 26
924 28
925 5
926 0
927 2
928 35
929 30
930 19
931 33
932 20
933 20
934 19
935 31
936 18
937 12
938 19
939 40
940 30
941 2
942 22
943 31
944 15
945 41
946 38
947 22
948 31
949 31
950 21
951 40
952 42
953 6
954 35
955 31
956 31
957 37
958 23
959 36
960 17
961 17
962 2
963 30
964 35
965 30
966 37
967 30
968 41
969 37
970 8
971 15
972 26
973 42
974 30
975 30
976 29
977 7
978 21
979 39
980 8
981 16
982 30
983 38
984 28
985 35
986 29
987 4
988 5
989 35
990 29
991 8
992 29
993 39
994 29
995 34
996 34
997 42
998 10
999 42
