0 3
1 2
2 6
3 7
4 6
5 6
6 2
7 1
8 6
9 2
10 4
11 3
12 4
13 2
14 1
15 6
16 6
17 2
18 0
19 1
20 6
21 1
22 3
23 7
24 0
25 2
26 1
27 2
28 1
29 3
30 2
31 3
32 0
33 1
34 4
35 7
36 4
37 0
38 0
39 0
40 1
41 6
42 3
43 7
44 3
45 5
46 1
47 3
48 0
49 7
50 6
51 4
52 1
53 6
54 7
55 4
56 3
57 4
58 2
59 5
60 4
61 7
62 6
63 2
64 5
65 5
66 7
67 5
68 2
69 1
70 1
71 7
72 1
73 4
74 3
75 0
76 6
77 0
78 2
79 2
80 3
81 3
82 7
83 1
84 0
85 0
86 1
87 1
88 0
89 3
90 2
91 4
92 3
93 6
94 0
95 7
96 7
97 7
98 6
99 0
100 2
101 6
102 4
103 6
104 0
105 2
106 7
107 6
108 3
109 4
110 7
111 2
112 7
113 1
114 7
115 3
116 6
117 1
118 0
119 7
120 1
121 1
122 0
123 4
124 0
125 4
126 4
127 7
128 0
129 1
130 6
131 4
132 3
133 0
134 2
135 3
136 1
137 2
138 2
139 7
140 7
141 1
142 4
143 3
144 7
145 7
146 3
147 0
148 2
149 6
150 1
151 7
152 3
153 3
154 7
155 7
156 0
157 1
158 6
159 3
160 0
161 0
162 0
163 7
164 7
165 1
166 1
167 0
168 1
169 6
170 7
171 1
172 2
173 3
174 4
175 3
176 6
177 6
178 6
179 4
180 2
181 3
182 6
183 3
184 6
185 1
186 0
187 4
188 0
189 6
190 6
191 0
192 6
193 3
194 7
195 3
196 2
197 3
198 5
199 0
