0 0
1 29
2 8
3 3
4 15
5 3
6 3
7 34
8 8
9 1
10 7
11 30
12 4
13 13
14 35
15 32
16 38
17 29
18 0
19 41
20 19
21 30
22 32
23 20
24 30
25 6
26 26
27 27
28 32
29 15
30 21
31 35
32 5
33 38
34 15
35 35
36 2
37 13
38 6
39 39
40 40
41 28
42 10
43 36
44 21
45 14
46 35
47 30
48 42
49 14
50 29
51 33
52 37
53 36
54 26
55 34
56 9
57 15
58 35
59 12
60 38
61 37
62 39
63 5
64 0
65 1
66 2
67 37
68 28
69 31
70 14
71 40
72 31
73 0
74 29
75 0
76 11
77 16
78 34
79 3
80 42
81 37
82 35
83 21
84 29
85 29
86 11
87 31
88 35
89 0
90 14
91 40
92 33
93 33
94 37
95 2
96 28
97 39
98 28
99 28
100 32
101 37
102 26
103 29
104 6
105 42
106 30
107 28
108 42
109 21
110 0
111 10
112 14
113 40
114 34
115 42
116 36
117 0
118 29
119 29
120 38
121 26
122 14
123 33
124 27
125 17
126 33
127 38
128 10
129 40
130 42
131 33
132 30
133 19
134 10
135 6
136 17
137 1
138 41
139 30
140 33
141 19
142 2
143 0
144 37
145 34
146 35
147 1
148 1
149 2
150 40
151 10
152 1
153 32
154 27
155 32
156 26
157 31
158 15
159 10
160 10
161 15
162 38
163 41
164 17
165 29
166 42
167 6
168 41
169 35
170 8
171 0
172 28
173 37
174 37
175 33
176 16
177 27
178 1
179 3
180 5
181 41
182 6
183 32
184 13
185 42
186 39
187 33
188 22
189 7
190 35
191 2
192 5
193 16
194 17
195 28
196 2
197 30
198 27
199 30
200 15
201 30
202 30
203 30
204 32
205 34
206 11
207 5
208 11
209 35
210 41
211 38
212 38
213 14
214 37
215 39
216 5
217 2
218 26
219 33
220 41
221 5
222 10
223 20
224 6
225 3
226 29
227 6
228 41
229 33
230 33
231 11
232 22
233 8
234 21
235 33
236 11
237 13
238 32
239 41
240 30
241 17
242 27
243 21
244 35
245 34
246 40
247 42
248 13
249 1
250 40
251 28
252 5
253 20
254 40
255 3
256 40
257 10
258 42
259 18
260 5
261 31
262 31
263 21
264 2
265 3
266 9
267 27
268 38
269 3
270 40
271 38
272 1
273 39
274 7
275 20
276 25
277 3
278 13
279 13
280 40
281 21
282 13
283 5
284 38
285 36
286 32
287 8
288 28
289 3
290 33
291 28
292 31
293 35
294 40
295 11
296 2
297 29
298 6
299 6
300 35
301 34
302 36
303 14
304 26
305 1
306 7
307 23
308 20
309 3
310 29
311 31
312 31
313 9
314 37
315 11
316 6
317 8
318 21
319 33
320 27
321 36
322 37
323 41
324 30
325 13
326 29
327 31
328 3
329 35
330 15
331 28
332 0
333 36
334 11
335 37
336 13
337 7
338 0
339 30
340 2
341 30
342 8
343 3
344 34
345 25
346 31
347 37
348 5
349 33
350 2
351 15
352 36
353 5
354 10
355 13
356 3
357 0
358 17
359 32
360 21
361 35
362 13
363 15
364 0
365 28
366 10
367 7
368 38
369 7
370 15
371 8
372 13
373 11
374 34
375 1
376 35
377 19
378 10
379 37
380 29
381 1
382 42
383 26
384 13
385 20
386 42
387 2
388 30
389 25
390 36
391 40
392 21
393 37
394 14
395 10
396 39
397 7
398 32
399 40
400 34
401 27
402 27
403 41
404 5
405 1
406 11
407 40
408 32
409 10
410 3
411 1
412 27
413 29
414 21
415 7
416 1
417 34
418 17
419 2
420 42
421 31
422 29
423 19
424 7
425 3
426 1
427 24
428 10
429 6
430 39
431 3
432 39
433 13
434 22
435 0
436 19
437 31
438 32
439 38
440 27
441 34
442 37
443 35
444 7
445 3
446 34
447 28
448 39
449 39
450 27
451 22
452 34
453 11
454 8
455 13
456 31
457 2
458 21
459 36
460 21
461 0
462 37
463 29
464 42
465 31
466 20
467 10
468 19
469 42
470 39
471 29
472 11
473 29
474 27
475 2
476 35
477 37
478 21
479 34
480 38
481 29
482 38
483 39
484 32
485 36
486 0
487 5
488 40
489 8
490 16
491 22
492 30
493 30
494 30
495 9
496 40
497 17
498 27
499 6
500 30
501 31
502 39
503 41
504 11
505 15
506 9
507 38
508 16
509 11
510 32
511 20
512 5
513 42
514 10
515 37
516 30
517 15
518 13
519 38
520 40
521 21
522 32
523 40
524 16
525 32
526 21
527 6
528 31
529 35
530 36
531 0
532 38
533 29
534 26
535 21
536 11
537 34
538 5
539 6
540 20
541 28
542 7
543 33
544 30
545 28
546 38
547 33
548 31
549 19
550 29
551 8
552 1
553 42
554 26
555 10
556 28
557 15
558 15
559 14
560 11
561 42
562 37
563 28
564 26
565 21
566 37
567 29
568 10
569 8
570 38
571 30
572 22
573 28
574 28
575 27
576 15
577 33
578 41
579 5
580 16
581 36
582 21
583 6
584 38
585 11
586 39
587 38
588 40
589 26
590 30
591 11
592 27
593 14
594 26
595 28
596 21
597 36
598 3
599 37
600 15
601 25
602 30
603 38
604 17
605 39
606 39
607 17
608 38
609 27
610 3
611 32
612 0
613 29
614 19
615 33
616 6
617 29
618 6
619 15
620 25
621 20
622 41
623 40
624 20
625 34
626 37
627 17
628 2
629 3
630 28
631 10
632 1
633 2
634 29
635 33
636 27
637 41
638 14
639 17
640 42
641 36
642 23
643 7
644 36
645 5
646 26
647 31
648 28
649 42
650 33
651 30
652 13
653 13
654 11
655 41
656 38
657 24
658 2
659 31
660 27
661 6
662 41
663 34
664 29
665 40
666 37
667 7
668 37
669 16
670 41
671 14
672 28
673 8
674 5
675 19
676 34
677 17
678 15
679 42
680 28
681 42
682 41
683 13
684 1
685 11
686 35
687 38
688 39
689 28
690 19
691 42
692 36
693 11
694 30
695 5
696 42
697 17
698 27
699 18
700 3
701 40
702 28
703 11
704 10
705 34
706 5
707 6
708 13
709 34
710 11
711 42
712 34
713 2
714 18
715 40
716 41
717 20
718 29
719 39
720 15
721 35
722 15
723 1
724 21
725 32
726 27
727 8
728 13
729 16
730 19
731 33
732 31
733 7
734 38
735 6
736 34
737 0
738 39
739 38
740 10
741 15
742 25
743 16
744 11
745 38
746 15
747 39
748 29
749 11
750 28
751 35
752 19
753 37
754 31
755 31
756 17
757 4
758 37
759 39
760 27
761 41
762 27
763 35
764 14
765 1
766 3
767 21
768 2
769 32
770 5
771 3
772 11
773 34
774 25
775 25
776 8
777 33
778 39
779 28
780 20
781 37
782 29
783 16
784 21
785 34
786 30
787 32
788 25
789 29
790 2
791 26
792 20
793 38
794 8
795 21
796 7
797 7
798 7
799 21
800 11
801 34
802 38
803 27
804 1
805 41
806 36
807 8
808 29
809 25
810 27
811 40
812 11
813 33
814 30
815 1
816 32
817 0
818 38
819 36
820 27
821 11
822 14
823 30
824 20
825 6
826 31
827 3
828 2
829 24
830 5
831 5
832 27
833 17
834 39
835 0
836 8
837 8
838 27
839 19
840 27
841 17
842 42
843 5
844 34
845 40
846 36
847 5
848 27
849 33
850 28
851 20
852 22
853 2
854 36
855 1
856 28
857 33
858 38
859 15
860 34
861 5
862 21
863 32
864 30
865 21
866 15
867 2
868 34
869 19
870 7
871 35
872 39
873 28
874 27
875 20
876 5
877 40
878 28
879 32
880 11
881 6
882 42
883 33
884 0
885 13
886 42
887 10
888 17
889 29
890 26
891 22
892 37
893 13
894 22
895 17
896 36
897 3
898 33
899 39
900 26
901 41
902 33
903 6
904 5
905 37
906 10
907 27
908 38
909 6
910 34
911 29
912 0
913 41
914 42
915 35
916 29
917 20
918 17
919 36
920 8
921 37
922 10
923 35
924 1
925 21
926 41
927 42
928 6
929 21
930 35
931 6
932 39
933 3
934 2
935 27
936 0
937 42
938 35
939 21
940 21
941 30
942 39
943 17
944 41
945 30
946 36
947 3
948 15
949 40
950 42
951 40
952 35
953 6
954 37
955 31
956 14
957 29
958 39
959 35
960 28
961 15
962 41
963 5
964 34
965 3
966 2
967 33
968 30
969 21
970 0
971 14
972 42
973 41
974 13
975 35
976 6
977 15
978 13
979 20
980 35
981 36
982 22
983 4
984 32
985 22
986 20
987 2
988 17
989 10
990 7
991 40
992 14
993 15
994 35
995 3
996 7
997 39
998 17
999 36
1000 15
1001 38
1002 15
1003 0
1004 28
1005 19
1006 16
1007 7
1008 7
1009 40
1010 41
1011 38
1012 26
1013 21
1014 11
1015 36
1016 28
1017 34
1018 13
1019 42
1020 2
1021 40
1022 0
1023 42
1024 10
1025 17
1026 0
1027 5
1028 31
1029 29
1030 11
1031 42
1032 0
1033 36
1034 28
1035 36
1036 30
1037 2
1038 0
1039 27
1040 32
1041 3
1042 29
1043 16
1044 10
1045 7
1046 3
1047 41
1048 1
1049 34
1050 31
1051 9
1052 17
1053 21
1054 0
1055 15
1056 7
1057 15
1058 37
1059 40
1060 28
1061 39
1062 17
1063 33
1064 32
1065 36
1066 42
1067 0
1068 39
1069 36
1070 17
1071 15
1072 38
1073 30
1074 40
1075 6
1076 25
1077 33
1078 15
1079 2
1080 13
1081 37
1082 20
1083 37
1084 8
1085 37
1086 7
1087 41
1088 29
1089 20
1090 41
1091 2
1092 19
1093 27
1094 40
1095 30
1096 37
1097 13
1098 17
1099 3
1100 35
1101 1
1102 20
1103 25
1104 8
1105 29
1106 10
1107 39
1108 27
1109 17
1110 40
1111 5
1112 41
1113 32
1114 28
1115 6
1116 42
1117 18
1118 20
1119 38
1120 3
1121 10
1122 39
1123 3
1124 1
1125 38
1126 15
1127 35
1128 28
1129 38
1130 18
1131 20
1132 11
1133 42
1134 32
1135 41
1136 19
1137 7
1138 20
1139 33
1140 41
1141 12
1142 11
1143 6
1144 35
1145 8
1146 1
1147 34
1148 32
1149 35
1150 9
1151 0
1152 27
1153 34
1154 0
1155 20
1156 14
1157 34
1158 34
1159 41
1160 6
1161 15
1162 11
1163 8
1164 28
1165 17
1166 39
1167 17
1168 14
1169 8
1170 32
1171 40
1172 28
1173 5
1174 13
1175 15
1176 0
1177 35
1178 14
1179 28
1180 20
1181 33
1182 31
1183 35
1184 8
1185 39
1186 40
1187 5
1188 32
1189 31
1190 41
1191 14
1192 22
1193 3
1194 7
1195 0
1196 33
1197 32
1198 21
1199 40
1200 3
1201 3
1202 39
1203 23
1204 13
1205 32
1206 33
1207 39
1208 15
1209 20
1210 17
1211 11
1212 26
1213 37
1214 40
1215 37
1216 20
1217 13
1218 1
1219 27
1220 13
1221 20
1222 15
1223 41
1224 0
1225 35
1226 7
1227 15
1228 7
1229 20
1230 15
1231 3
1232 5
1233 14
1234 37
1235 35
1236 33
1237 17
1238 29
1239 26
1240 41
1241 10
1242 14
1243 0
1244 34
1245 0
1246 38
1247 19
1248 30
1249 34
1250 29
1251 28
1252 36
1253 27
1254 32
1255 7
1256 10
1257 36
1258 38
1259 10
1260 1
1261 36
1262 6
1263 34
1264 6
1265 0
1266 17
1267 39
1268 34
1269 5
1270 32
1271 27
1272 28
1273 17
1274 5
1275 36
1276 34
1277 17
1278 3
1279 6
1280 8
1281 28
1282 10
1283 14
1284 27
1285 3
1286 39
1287 8
1288 41
1289 39
1290 29
1291 6
1292 3
1293 33
1294 2
1295 38
1296 39
1297 10
1298 1
1299 30
1300 7
1301 30
1302 22
1303 7
1304 42
1305 31
1306 15
1307 30
1308 2
1309 36
1310 28
1311 9
1312 31
1313 1
1314 21
1315 17
1316 20
1317 1
1318 33
1319 0
1320 42
1321 32
1322 15
1323 6
1324 6
1325 11
1326 1
1327 38
1328 2
1329 8
1330 25
1331 35
1332 35
1333 19
1334 11
1335 11
1336 33
1337 30
1338 0
1339 28
1340 16
1341 42
1342 7
1343 1
1344 14
1345 30
1346 11
1347 37
1348 31
1349 35
1350 1
1351 30
1352 18
1353 34
1354 27
1355 19
1356 41
1357 27
1358 1
1359 32
1360 31
1361 42
1362 5
1363 27
1364 40
1365 37
1366 7
1367 13
1368 21
1369 19
1370 10
1371 13
1372 29
1373 26
1374 42
1375 8
1376 31
1377 39
1378 3
1379 17
1380 6
1381 1
1382 41
1383 41
1384 6
1385 26
1386 5
1387 28
1388 20
1389 0
1390 26
1391 17
1392 33
1393 6
1394 13
1395 37
1396 42
1397 33
1398 32
1399 29
1400 2
1401 31
1402 6
1403 21
1404 39
1405 2
1406 5
1407 11
1408 1
1409 42
1410 20
1411 20
1412 7
1413 29
1414 38
1415 6
1416 30
1417 19
1418 39
1419 0
1420 40
1421 37
1422 1
1423 3
1424 41
1425 0
1426 11
1427 36
1428 34
1429 38
1430 17
1431 41
1432 3
1433 35
1434 1
1435 15
1436 2
1437 36
1438 26
1439 1
1440 35
1441 2
1442 5
1443 29
1444 17
1445 38
1446 20
1447 38
1448 11
1449 27
1450 15
1451 10
1452 3
1453 21
1454 20
1455 10
1456 34
1457 13
1458 35
1459 39
1460 35
1461 40
1462 27
1463 14
1464 37
1465 31
1466 38
1467 17
1468 6
1469 15
1470 31
1471 0
1472 0
1473 6
1474 31
1475 15
1476 2
1477 39
1478 40
1479 11
1480 1
1481 5
1482 23
1483 2
1484 10
1485 5
1486 17
1487 28
1488 28
1489 20
1490 15
1491 34
1492 15
1493 31
1494 2
1495 25
1496 41
1497 33
1498 30
1499 36
1500 7
1501 26
1502 29
1503 2
1504 27
1505 17
1506 26
1507 8
1508 32
1509 2
1510 31
1511 31
1512 30
1513 1
1514 7
1515 13
1516 6
1517 29
1518 2
1519 40
1520 28
1521 31
1522 39
1523 13
1524 21
1525 22
1526 27
1527 40
1528 26
1529 31
1530 22
1531 10
1532 5
1533 17
1534 35
1535 8
1536 5
1537 22
1538 21
1539 21
1540 31
1541 15
1542 32
1543 18
1544 27
1545 3
1546 17
1547 39
1548 5
1549 5
1550 26
1551 37
1552 1
1553 41
1554 2
1555 17
1556 17
1557 36
1558 18
1559 1
1560 40
1561 41
1562 1
1563 30
1564 22
1565 21
1566 41
1567 35
1568 1
1569 38
1570 38
1571 36
1572 38
1573 1
1574 38
1575 41
1576 16
1577 22
1578 19
1579 11
1580 14
1581 17
1582 27
1583 29
1584 42
1585 8
1586 38
1587 31
1588 16
1589 19
1590 11
1591 31
1592 42
1593 24
1594 8
1595 34
1596 27
1597 27
1598 3
1599 21
1600 27
1601 40
1602 38
1603 5
1604 14
1605 26
1606 33
1607 38
1608 3
1609 41
1610 15
1611 35
1612 37
1613 37
1614 27
1615 13
1616 2
1617 0
1618 25
1619 26
1620 37
1621 8
1622 0
1623 35
1624 5
1625 9
1626 13
1627 24
1628 17
1629 21
1630 14
1631 21
1632 33
1633 41
1634 0
1635 21
1636 1
1637 20
1638 37
1639 2
1640 22
1641 5
1642 2
1643 37
1644 7
1645 33
1646 5
1647 6
1648 10
1649 37
1650 37
1651 42
1652 11
1653 10
1654 8
1655 42
1656 37
1657 5
1658 41
1659 37
1660 28
1661 21
1662 35
1663 36
1664 39
1665 40
1666 36
1667 36
1668 14
1669 36
1670 38
1671 22
1672 10
1673 1
1674 36
1675 6
1676 36
1677 36
1678 8
1679 21
1680 33
1681 14
1682 2
1683 21
1684 36
1685 27
1686 36
1687 33
1688 0
1689 36
1690 19
1691 10
1692 29
1693 36
1694 40
1695 20
1696 36
1697 36
1698 6
1699 31
1700 40
1701 36
1702 41
1703 19
1704 6
1705 18
1706 11
1707 36
1708 36
1709 14
1710 39
1711 26
1712 18
1713 37
1714 1
1715 0
1716 35
1717 26
1718 11
1719 17
1720 35
1721 7
1722 2
1723 10
1724 1
1725 34
1726 40
1727 8
1728 34
1729 21
1730 34
1731 1
1732 20
1733 33
1734 41
1735 9
1736 41
1737 34
1738 21
1739 21
1740 9
1741 27
1742 41
1743 2
1744 13
1745 19
1746 33
1747 42
1748 16
1749 25
1750 28
1751 8
1752 32
1753 22
1754 38
1755 15
1756 40
1757 34
1758 34
1759 21
1760 34
1761 36
1762 34
1763 2
1764 8
1765 0
1766 17
1767 34
1768 34
1769 20
1770 32
1771 3
1772 7
1773 42
1774 33
1775 11
1776 31
1777 33
1778 3
1779 33
1780 33
1781 2
1782 0
1783 3
1784 11
1785 20
1786 37
1787 17
1788 5
1789 39
1790 33
1791 38
1792 17
1793 16
1794 32
1795 25
1796 11
1797 30
1798 17
1799 6
1800 32
1801 41
1802 16
1803 39
1804 32
1805 32
1806 39
1807 32
1808 32
1809 6
1810 31
1811 32
1812 27
1813 6
1814 0
1815 42
1816 17
1817 35
1818 32
1819 37
1820 22
1821 5
1822 0
1823 32
1824 26
1825 6
1826 2
1827 39
1828 5
1829 19
1830 42
1831 32
1832 32
1833 32
1834 32
1835 15
1836 11
1837 6
1838 38
1839 40
1840 27
1841 21
1842 31
1843 7
1844 13
1845 40
1846 0
1847 21
1848 2
1849 28
1850 21
1851 31
1852 2
1853 25
1854 24
1855 35
1856 5
1857 28
1858 31
1859 31
1860 39
1861 31
1862 41
1863 31
1864 27
1865 40
1866 11
1867 13
1868 31
1869 3
1870 13
1871 26
1872 6
1873 26
1874 31
1875 13
1876 31
1877 8
1878 31
1879 7
1880 15
1881 5
1882 22
1883 30
1884 26
1885 1
1886 17
1887 17
1888 3
1889 10
1890 32
1891 32
1892 15
1893 11
1894 13
1895 29
1896 6
1897 9
1898 30
1899 3
1900 30
1901 30
1902 5
1903 20
1904 21
1905 30
1906 31
1907 13
1908 42
1909 15
1910 30
1911 30
1912 30
1913 22
1914 15
1915 30
1916 2
1917 40
1918 32
1919 42
1920 7
1921 0
1922 13
1923 10
1924 36
1925 6
1926 14
1927 42
1928 39
1929 11
1930 7
1931 19
1932 26
1933 29
1934 8
1935 35
1936 13
1937 26
1938 33
1939 42
1940 29
1941 8
1942 17
1943 20
1944 15
1945 3
1946 8
1947 8
1948 40
1949 15
1950 39
1951 17
1952 29
1953 0
1954 5
1955 6
1956 1
1957 19
1958 19
1959 3
1960 29
1961 22
1962 1
1963 29
1964 13
1965 11
1966 3
1967 42
1968 33
1969 29
1970 39
1971 33
1972 22
1973 2
1974 30
1975 37
1976 34
1977 29
1978 26
1979 1
1980 42
1981 28
1982 25
1983 11
1984 41
1985 35
1986 36
1987 33
1988 11
1989 28
1990 40
1991 3
1992 34
1993 5
1994 8
1995 1
1996 21
1997 2
1998 7
1999 39
